1.040492653846740723e+00
8.809774518013000488e-01
8.218788504600524902e-01
6.715120077133178711e-01
6.083596348762512207e-01
4.713461995124816895e-01
4.494063854217529297e-01
4.004699289798736572e-01
3.313520550727844238e-01
3.205066621303558350e-01
3.007638156414031982e-01
2.463422417640686035e-01
1.667297333478927612e-01
1.345801204442977905e-01
1.144166365265846252e-01
1.166390702128410339e-01
7.094502449035644531e-02
4.722280055284500122e-02
3.062641434371471405e-02
2.134641632437705994e-02
1.694339141249656677e-02
3.091483667958527803e-04
4.548413679003715515e-03
8.223642595112323761e-03
