1.168038606643676758e+00
1.001433253288269043e+00
7.515452504158020020e-01
7.181614041328430176e-01
6.478332281112670898e-01
5.027706623077392578e-01
4.630882740020751953e-01
4.187155961990356445e-01
3.763315677642822266e-01
3.464858829975128174e-01
2.950470447540283203e-01
2.516222298145294189e-01
2.087196409702301025e-01
1.921887099742889404e-01
1.734233647584915161e-01
1.328719109296798706e-01
9.779582172632217407e-02
7.293130457401275635e-02
4.659893363714218140e-02
2.789490297436714172e-02
1.322357170283794403e-02
5.422935821115970612e-03
2.574992366135120392e-03
1.259786542505025864e-03
