9.485318064689636230e-01
7.009868025779724121e-01
6.201879382133483887e-01
5.538415908813476562e-01
4.639422893524169922e-01
4.359149932861328125e-01
3.897051215171813965e-01
3.599906563758850098e-01
3.091575801372528076e-01
2.715016603469848633e-01
2.146399766206741333e-01
1.871132552623748779e-01
1.524475514888763428e-01
1.220104917883872986e-01
9.813373535871505737e-02
8.178099989891052246e-02
7.207626849412918091e-02
4.106012359261512756e-02
2.415931597352027893e-02
1.404525974066928029e-04
1.048469333909451962e-03
1.459570322185754776e-02
1.139969006180763245e-02
7.096610032021999359e-03
