8.855864405632019043e-01
7.687039971351623535e-01
6.487346291542053223e-01
5.197054147720336914e-01
4.263546764850616455e-01
3.830998539924621582e-01
3.360329270362854004e-01
3.130756020545959473e-01
2.766689956188201904e-01
2.264230400323867798e-01
2.104173600673675537e-01
1.808397918939590454e-01
1.563872396945953369e-01
1.203230097889900208e-01
1.092892959713935852e-01
1.024496406316757202e-01
1.542741847515571862e-05
4.637147299945354462e-03
1.121387723833322525e-02
1.676294766366481781e-02
3.354878351092338562e-02
5.944838747382164001e-02
5.050353705883026123e-02
4.532735794782638550e-02
