1.103524684906005859e+00
1.030939817428588867e+00
9.409005045890808105e-01
7.066287398338317871e-01
6.190008521080017090e-01
5.639305710792541504e-01
4.530525207519531250e-01
3.983264863491058350e-01
3.466593027114868164e-01
3.345836102962493896e-01
2.437514513731002808e-01
2.032695412635803223e-01
1.901485174894332886e-01
1.753366589546203613e-01
1.485363543033599854e-01
7.553689065389335155e-04
1.396381878294050694e-03
1.047700550407171249e-02
1.427285093814134598e-02
2.850399725139141083e-02
3.915201127529144287e-02
4.803808778524398804e-02
6.681375950574874878e-02
9.673243016004562378e-02
