9.601218700408935547e-01
9.233281612396240234e-01
8.293540477752685547e-01
7.685378193855285645e-01
6.524577736854553223e-01
4.942632615566253662e-01
4.649212956428527832e-01
3.987673223018646240e-01
3.607719540596008301e-01
3.163656592369079590e-01
2.713663280010223389e-01
2.291726022958755493e-01
2.006244510412216187e-01
1.378623694181442261e-01
9.586884081363677979e-02
8.268862217664718628e-02
7.221642881631851196e-02
4.292788729071617126e-02
3.341382369399070740e-02
3.882440796587616205e-05
3.583616111427545547e-03
8.466858416795730591e-03
6.728718522936105728e-03
2.288999594748020172e-02
