1.078504800796508789e+00
1.003513574600219727e+00
7.707092165946960449e-01
6.374983191490173340e-01
5.542771816253662109e-01
4.961468875408172607e-01
4.396923780441284180e-01
4.073596000671386719e-01
3.579568564891815186e-01
3.321362137794494629e-01
2.707886993885040283e-01
2.233039587736129761e-01
1.713965833187103271e-01
1.489605903625488281e-01
1.124303415417671204e-01
5.629770457744598389e-03
1.930466038174927235e-03
3.200459294021129608e-03
1.866840943694114685e-02
7.902147620916366577e-02
7.043504714965820312e-02
3.434155881404876709e-02
4.172873497009277344e-02
5.950519070029258728e-02
