1.106996178627014160e+00
9.021289348602294922e-01
7.425673604011535645e-01
6.519119143486022949e-01
5.478319525718688965e-01
4.839780628681182861e-01
4.185950160026550293e-01
3.986268043518066406e-01
3.173698186874389648e-01
2.818806171417236328e-01
2.563842236995697021e-01
1.920533329248428345e-01
1.726945042610168457e-01
1.334940791130065918e-01
1.094178035855293274e-01
1.034322008490562439e-01
7.860194146633148193e-02
5.179124325513839722e-02
2.555270621087402105e-04
2.392106922343373299e-03
6.394211668521165848e-03
8.839854970574378967e-03
1.648767478764057159e-02
1.960353739559650421e-02
