3.931265711340719093e+01 6.970028792820247787e+00 -2.219050983681394129e+01 -1.676182321678570730e+01 -1.896201086271064185e+01 -1.932167492769238137e+01 7.501014797781799359e+00 1.057593871407649155e+00 -7.815363638819206926e+00 2.360289258823229375e+01 4.127776835325472682e+00 6.506447388377276653e-01 8.051846895565100581e+00 -1.780090213554108658e+01 1.153240737440308550e+01
6.970028792820265551e+00 2.708340363147631891e+01 -4.214759587231894145e+00 -1.136754453629157391e-01 -1.257654292158502685e+01 -1.333807132529662320e+00 9.766605568169342888e+00 -2.634856546810106226e-02 4.436123188428924280e-01 6.623633404362133881e+00 -2.259312596160797604e+00 -4.963383159889140472e+00 -5.065724095524712034e+00 -6.084255203962274372e+00 1.939227151392975301e+00
-2.219050983681393419e+01 -4.214759587231882598e+00 3.076468943824326274e+01 1.534448909675892558e+01 1.025805050904895310e+01 1.404920907075009850e+01 -7.412179622412082836e+00 -9.310298894615035792e+00 8.725487034133408315e+00 -1.029250019661766657e+01 -2.729629487723791215e+00 -1.134534607931481176e+01 -9.631673258641731294e+00 1.453321650150707001e+01 -9.751232776944094738e+00
-1.676182321678570020e+01 -1.136754453629045258e-01 1.534448909675892381e+01 2.179805678098891519e+01 6.930389181284318134e+00 1.171998186025396649e+01 1.188342854605448196e+00 -2.800021296548615535e+00 6.396487851986367268e+00 -5.981496567812925491e+00 1.813626388848110560e+00 -2.121575153039886530e+00 -7.211113310295900192e+00 1.311279009825113029e+01 -8.831078683214540703e+00
-1.896201086271064895e+01 -1.257654292158501619e+01 1.025805050904895843e+01 6.930389181284325240e+00 2.040154111278037163e+01 9.046303794337095638e+00 -6.794059837230443932e+00 3.026837585489237537e+00 7.603243142807260213e+00 -9.853446108529583469e+00 -1.115229383898951987e+00 2.507456475094835824e-01 2.667185266979556602e+00 1.003668494604841754e+01 -8.901447938518332492e+00
-1.932167492769238493e+01 -1.333807132529656547e+00 1.404920907075010383e+01 1.171998186025397004e+01 9.046303794337095638e+00 2.148704027189802090e+01 3.839355181927110117e+00 5.104757624672436656e+00 1.136159508038227273e+01 -9.603160069080711736e+00 -2.375877530335500865e+00 -1.498266352559033399e-01 -1.655176495436073036e+00 8.702346875330084330e+00 -5.674973609654202278e+00
7.501014797781793142e+00 9.766605568169334006e+00 -7.412179622412080171e+00 1.188342854605445087e+00 -6.794059837230438603e+00 3.839355181927115446e+00 2.268661009104851445e+01 7.905003347363558142e+00 -9.847270021610832202e-01 3.268680314125416153e+00 8.592557667727984683e-01 4.281286891604736411e+00 4.991847922414310190e+00 -1.411602039800287978e+00 6.267132599283015360e+00
1.057593871407632946e+00 -2.634856546810215860e-02 -9.310298894615025134e+00 -2.800021296548610650e+00 3.026837585489242421e+00 5.104757624672441096e+00 7.905003347363554589e+00 2.304505236736151375e+01 4.160273100512556610e+00 -5.246525115952103135e+00 -5.014704568491053394e+00 1.008551722935370876e+01 1.481386733351589058e+01 -2.185920501185658615e+00 2.864993188487534148e+00
-7.815363638819198933e+00 4.436123188428993114e-01 8.725487034133404762e+00 6.396487851986364603e+00 7.603243142807254884e+00 1.136159508038226740e+01 -9.847270021610841084e-01 4.160273100512554834e+00 2.022852921931077930e+01 -3.428048140099839713e+00 -3.463870730726181790e+00 -1.984379860794600381e+00 2.372143782130278211e-01 3.272196320090678512e+00 -8.222642858915715891e+00
2.360289258823231151e+01 6.623633404362126775e+00 -1.029250019661768611e+01 -5.981496567812945031e+00 -9.853446108529592351e+00 -9.603160069080717065e+00 3.268680314125424147e+00 -5.246525115952091589e+00 -3.428048140099849483e+00 2.709300572600004742e+01 1.809955301391438898e+00 -4.453705451627379297e+00 -5.641248820358824467e+00 -9.499020579326648672e+00 5.064659680922777518e+00
4.127776835325470017e+00 -2.259312596160800268e+00 -2.729629487723791659e+00 1.813626388848110782e+00 -1.115229383898947546e+00 -2.375877530335496868e+00 8.592557667728004667e-01 -5.014704568491048065e+00 -3.463870730726180458e+00 1.809955301391434901e+00 1.319215230518876858e+01 1.457818539378807232e+00 -1.930549801112016461e-01 -3.378461510394361045e-01 -1.576348893422510278e+00
6.506447388377156749e-01 -4.963383159889144025e+00 -1.134534607931480643e+01 -2.121575153039882089e+00 2.507456475094891335e-01 -1.498266352558985659e-01 4.281286891604734635e+00 1.008551722935371231e+01 -1.984379860794598605e+00 -4.453705451627389955e+00 1.457818539378804346e+00 2.072458216439094514e+01 8.333870434670368255e+00 8.136646108790503984e-01 3.565669289409462817e+00
8.051846895565075712e+00 -5.065724095524718251e+00 -9.631673258641722413e+00 -7.211113310295891310e+00 2.667185266979569480e+00 -1.655176495436063488e+00 4.991847922414308414e+00 1.481386733351589591e+01 2.372143782130295975e-01 -5.641248820358844007e+00 -1.930549801112056429e-01 8.333870434670368255e+00 3.123667393484850052e+01 -5.531560759205829569e+00 5.110992453001538927e+00
-1.780090213554108303e+01 -6.084255203962264602e+00 1.453321650150707356e+01 1.311279009825113562e+01 1.003668494604841399e+01 8.702346875330082554e+00 -1.411602039800289532e+00 -2.185920501185665721e+00 3.272196320090684285e+00 -9.499020579326634461e+00 -3.378461510394366041e-01 8.136646108790446252e-01 -5.531560759205842004e+00 1.865072464433444921e+01 -5.044697779302025786e+00
1.153240737440307129e+01 1.939227151392965531e+00 -9.751232776944091185e+00 -8.831078683214538927e+00 -8.901447938518327163e+00 -5.674973609654196949e+00 6.267132599283013583e+00 2.864993188487536813e+00 -8.222642858915717667e+00 5.064659680922763307e+00 -1.576348893422509834e+00 3.565669289409465481e+00 5.110992453001543367e+00 -5.044697779302017793e+00 1.601175192069354480e+01
