7.475783681685376791e+01 -3.755695858100693130e+01 4.740122903476138561e+01 -4.943007881089363309e+01 -5.489734474872953740e+01 5.463839583277133372e+00 2.697993631267175729e+01 5.372418671442751759e+01 2.563486683787012055e+00 2.523039827695818715e+01 5.229008566730856700e+01 -6.909504813253566624e+01 1.289995935760396861e+01 -1.144378876643619769e+01 4.169923903296828627e+01
-3.755695858100695972e+01 8.385177057558276204e+01 -9.666867418230481235e+01 4.803045088390074824e+01 5.680053397524453374e+01 -2.225000119837838497e+01 -3.246792883093183946e+01 -7.279732541504097298e+01 8.865474272408704337e-01 1.486720545963899021e+01 -6.514789128201203994e+01 6.529152189383010807e+01 -2.423522397446051002e+01 -1.341183749149179860e+01 -9.272540767436268538e+01
4.740122903476146377e+01 -9.666867418230475550e+01 2.174090148906097397e+02 -7.261144382295769617e+01 -1.073729699205857742e+02 2.791661304973911939e+01 6.110253656005455980e+01 7.666722320618222852e+01 -8.990902351179329344e+00 -2.268463629469560061e+01 6.802548923658973479e+01 -8.223769359788909128e+01 2.749168732230150169e+01 4.758733100423090434e+01 1.427468170939681045e+02
-4.943007881089365441e+01 4.803045088390079798e+01 -7.261144382295783828e+01 9.975977500539717369e+01 5.604367578628053082e+01 -2.845968005523215894e+01 -2.055757553076825417e+01 -7.158718687503420597e+01 9.603110866195940787e+00 -4.984731905566088805e+00 -4.408960109432053542e+01 7.706845100521481129e+01 -1.232712975994356874e+01 2.918057570325380823e-01 -4.228191354893073139e+01
-5.489734474872960845e+01 5.680053397524449110e+01 -1.073729699205857173e+02 5.604367578628045976e+01 9.808527764290303708e+01 -1.705106304850691856e+01 -2.965537618326946045e+01 -4.568546846260726824e+01 5.527102634697961037e+00 3.412847472831982643e+00 -3.012046436176760622e+01 5.988486863872936539e+01 -1.380117798289971631e+01 -2.463940829563867396e+01 -8.042530247661926524e+01
5.463839583277168899e+00 -2.225000119837843471e+01 2.791661304973923308e+01 -2.845968005523215894e+01 -1.705106304850699672e+01 2.213917161120869537e+01 7.756611476292637697e+00 2.681649565583254358e+01 -3.799402602876857049e+00 -2.986135575850962454e+00 1.490662110158610787e+01 -1.797162245976040396e+01 2.394646972742281665e+00 2.234795279784636435e+00 1.730380712151990963e+01
2.697993631267176440e+01 -3.246792883093181814e+01 6.110253656005453138e+01 -2.055757553076821509e+01 -2.965537618326945335e+01 7.756611476292600393e+00 3.453375487775943498e+01 3.538569558057645281e+01 3.106409809721064619e-01 1.450886747029382917e-01 3.523497793448778737e+01 -3.804732721469103751e+01 1.234492015009331034e+01 7.630083858330594104e+00 5.111684874675334811e+01
5.372418671442753890e+01 -7.279732541504102983e+01 7.666722320618237063e+01 -7.158718687503420597e+01 -4.568546846260734640e+01 2.681649565583253292e+01 3.538569558057649544e+01 9.781106158077625423e+01 -8.455487555152387813e-01 -4.275949857299323753e-01 8.033077219758916954e+01 -7.981402026936636673e+01 2.626267870494658752e+01 -2.946647028461086393e+00 7.426915014764972511e+01
2.563486683787004949e+00 8.865474272408790934e-01 -8.990902351179354213e+00 9.603110866195935458e+00 5.527102634697978800e+00 -3.799402602876855717e+00 3.106409809720973580e-01 -8.455487555152428891e-01 1.332286252703345042e+01 4.691138221434096423e+00 5.533075932166905631e+00 -2.618962884512883171e+00 3.411910253884393729e-01 -3.521509927272652440e+00 6.666204831060588809e+00
2.523039827695816228e+01 1.486720545963900264e+01 -2.268463629469564324e+01 -4.984731905566115451e+00 3.412847472832048368e+00 -2.986135575850947799e+00 1.450886747029205281e-01 -4.275949857299101708e-01 4.691138221434093758e+00 2.995061005902539364e+01 5.990039237296371333e+00 -1.582650925749815407e+01 -5.248510664573617035e+00 -1.993860081867379108e+01 -2.125776221578167835e+01
5.229008566730855989e+01 -6.514789128201208257e+01 6.802548923658980584e+01 -4.408960109432052832e+01 -3.012046436176763820e+01 1.490662110158609721e+01 3.523497793448780158e+01 8.033077219758915533e+01 5.533075932166902078e+00 5.990039237296356234e+00 9.849315593785937040e+01 -7.336293735640302316e+01 2.606819148732397906e+01 -8.555819628020817191e+00 7.150572853954834329e+01
-6.909504813253566624e+01 6.529152189383012228e+01 -8.223769359788909128e+01 7.706845100521478287e+01 5.988486863872935828e+01 -1.797162245976038264e+01 -3.804732721469103751e+01 -7.981402026936633831e+01 -2.618962884512882283e+00 -1.582650925749815229e+01 -7.336293735640300895e+01 1.099534990677834259e+02 -2.360839740329067382e+01 7.723544223380596208e+00 -7.449378285983317483e+01
1.289995935760397217e+01 -2.423522397446049936e+01 2.749168732230150169e+01 -1.232712975994355631e+01 -1.380117798289972164e+01 2.394646972742270119e+00 1.234492015009331034e+01 2.626267870494656620e+01 3.411910253884409272e-01 -5.248510664573611706e+00 2.606819148732396485e+01 -2.360839740329067027e+01 1.580911052099063241e+01 4.558311986649093761e+00 2.916587483323388952e+01
-1.144378876643616394e+01 -1.341183749149177018e+01 4.758733100423089013e+01 2.918057570325842676e-01 -2.463940829563870238e+01 2.234795279784596023e+00 7.630083858330602098e+00 -2.946647028461135687e+00 -3.521509927272639118e+00 -1.993860081867376266e+01 -8.555819628020845613e+00 7.723544223380599760e+00 4.558311986649091097e+00 3.015527750527219908e+01 3.194032397717478133e+01
4.169923903296835022e+01 -9.272540767436264275e+01 1.427468170939680476e+02 -4.228191354893063902e+01 -8.042530247661930787e+01 1.730380712151981015e+01 5.111684874675334811e+01 7.426915014764961143e+01 6.666204831060611014e+00 -2.125776221578163927e+01 7.150572853954827224e+01 -7.449378285983317483e+01 2.916587483323388952e+01 3.194032397717478133e+01 1.450732137374506010e+02
