1.059795986849346505e+01 -5.359673055115855789e+00 -9.622019680712323719e-02 -2.573606535918441907e+00 1.590027606022244244e+00 -7.003078759727824121e+00 2.994649317317831461e+00 -2.270301525588527269e-01 -1.715051140771380600e-01 6.222319314536116863e+00 -3.742602810815383596e-01 -4.978171416688710882e-01 4.438946423969484911e+00 2.328750549829323724e+00 1.081569560266886665e+00
-5.359673055115855789e+00 3.834040906905834589e+01 8.459057767200620859e+00 -7.377858284557344604e+00 -2.623080059547883813e+00 -1.658792633678681572e+00 -5.827807699622564286e+00 2.578969994142974897e+00 8.443846370070929197e+00 2.246491130248971846e+00 -1.178228471137813038e+00 1.042220418289584671e+01 -2.185703226682334854e+00 -1.247929431310011772e+00 -9.962189572705515417e+00
-9.622019680712678991e-02 8.459057767200611977e+00 4.591460059422016116e+01 5.988208863154547146e-01 4.584046193241801959e+00 2.382589866174504412e+00 1.093908494201801140e+00 -2.347175300413312460e+00 1.286530678715910980e+01 1.484094862298943385e+00 6.179205316539503556e+00 -4.490033449385290254e+00 7.425701512164772922e+00 3.913728568767527172e+00 -7.785611462545099393e+00
-2.573606535918434801e+00 -7.377858284557350821e+00 5.988208863154458328e-01 2.409501349626559374e+01 -1.095138830888467041e+01 6.152875068325744934e+00 1.986089822819373962e+00 4.294308010874361425e-01 4.775641641951930083e+00 -7.160529488758773375e+00 4.010935214610515942e+00 -7.865778758698732887e+00 4.821522644935263280e-01 7.738730037229819558e-01 1.220799685038591242e+01
1.590027606022229589e+00 -2.623080059547879372e+00 4.584046193241810840e+00 -1.095138830888466686e+01 2.896641870175895761e+01 -1.352314208087347502e+01 8.947394145041634772e+00 7.226549009202007490e+00 1.569104331696884902e+00 1.211886881012297756e+01 -2.309534219948112810e-01 -6.183703904881383551e-01 1.198281712301473334e+01 6.957640878619530511e+00 -1.395078410163910831e+01
-7.003078759727819680e+00 -1.658792633678686457e+00 2.382589866174499527e+00 6.152875068325749375e+00 -1.352314208087348746e+01 1.996491792388168562e+01 -3.910127719936584256e+00 -2.683393121714328533e+00 -2.303934453163249962e-01 -5.388554607959242126e+00 2.885769681198524061e+00 -3.582099696264986477e-01 -8.928332764044411007e+00 -6.163225752901249521e+00 9.132080047013937829e+00
2.994649317317827020e+00 -5.827807699622555404e+00 1.093908494201798476e+00 1.986089822819362638e+00 8.947394145041636548e+00 -3.910127719936581592e+00 2.664103164001200241e+01 4.982575833685214839e+00 -6.524070878950063879e+00 9.752278975611144318e+00 9.202144766583369773e+00 -1.082406624338089962e+01 4.087497295431612443e+00 1.609050161663207357e+00 -2.416118695891472434e+00
-2.270301525588563352e-01 2.578969994142979782e+00 -2.347175300413310683e+00 4.294308010874337000e-01 7.226549009202006602e+00 -2.683393121714324092e+00 4.982575833685212174e+00 1.295075760368233553e+01 6.873184577253868000e-01 4.936406180930689835e+00 2.154281443090855674e+00 2.550541257492846547e+00 5.258932838524177811e+00 1.016696767282649683e+00 -4.699129061346297043e+00
-1.715051140771393645e-01 8.443846370070918539e+00 1.286530678715911336e+01 4.775641641951943406e+00 1.569104331696880017e+00 -2.303934453163205553e-01 -6.524070878950058550e+00 6.873184577253858007e-01 2.034185777446788634e+01 2.223275758972495630e+00 4.218930950738442043e-01 5.105220083267647091e+00 6.515488711003141198e+00 2.868146005787791886e+00 -2.132725397460613070e+00
6.222319314536109758e+00 2.246491130248976287e+00 1.484094862298947159e+00 -7.160529488758781369e+00 1.211886881012298645e+01 -5.388554607959238574e+00 9.752278975611144318e+00 4.936406180930692500e+00 2.223275758972496519e+00 1.825086647952818808e+01 2.367137487721447275e+00 -1.136131427138997285e+00 4.248649438737515993e+00 1.728199494883480458e+00 -2.197083246158418213e+00
-3.742602810815384151e-01 -1.178228471137812372e+00 6.179205316539498227e+00 4.010935214610513277e+00 -2.309534219948139178e-01 2.885769681198524950e+00 9.202144766583369773e+00 2.154281443090856119e+00 4.218930950738389862e-01 2.367137487721447275e+00 1.067772588588224458e+01 -6.042899782070971781e+00 -2.930827714169559339e-01 -1.926515632494505414e+00 -4.236775059252040343e-01
-4.978171416688721429e-01 1.042220418289583961e+01 -4.490033449385284925e+00 -7.865778758698720452e+00 -6.183703904881405755e-01 -3.582099696264957611e-01 -1.082406624338090317e+01 2.550541257492843883e+00 5.105220083267660414e+00 -1.136131427139002614e+00 -6.042899782070972670e+00 1.786548011912455891e+01 2.905315379568162992e+00 4.353102565512132038e+00 -6.103785638282181125e+00
4.438946423969478694e+00 -2.185703226682338851e+00 7.425701512164780027e+00 4.821522644935303248e-01 1.198281712301474045e+01 -8.928332764044407455e+00 4.087497295431615996e+00 5.258932838524180475e+00 6.515488711003143862e+00 4.248649438737515993e+00 -2.930827714169534914e-01 2.905315379568158107e+00 1.989853461023182390e+01 1.026764575871852614e+01 -8.463939894065328318e+00
2.328750549829319283e+00 -1.247929431310014881e+00 3.913728568767532501e+00 7.738730037229903935e-01 6.957640878619528735e+00 -6.163225752901244192e+00 1.609050161663209799e+00 1.016696767282650127e+00 2.868146005787796327e+00 1.728199494883477350e+00 -1.926515632494503194e+00 4.353102565512125821e+00 1.026764575871852436e+01 1.695634287465238188e+01 -5.960315172451134735e+00
1.081569560266894214e+00 -9.962189572705518970e+00 -7.785611462545109163e+00 1.220799685038590177e+01 -1.395078410163910476e+01 9.132080047013928947e+00 -2.416118695891464885e+00 -4.699129061346294378e+00 -2.132725397460623284e+00 -2.197083246158407999e+00 -4.236775059252044784e-01 -6.103785638282185566e+00 -8.463939894065328318e+00 -5.960315172451138288e+00 2.237311279834057842e+01
