8.925586185408347362e+00 1.354678967179139271e+00 3.953086696757509566e-01 -7.478591718999451077e-01 -5.301613579919727037e+00 -2.821988439068351173e+00 5.209874330807684473e-01 1.174466246926911595e+00 1.020548182391540104e+00 3.796246037596371803e+00 1.437955609165284532e+00 6.939259997363506072e-01 1.555887598361739732e+00 -6.215125108819744559e-01 2.779381063196594837e-01
1.354678967179139715e+00 3.935397561209263984e+00 -2.259012886881938798e+00 -7.095956634413469466e-01 -1.907142070695117431e+00 -5.018694462217976326e-01 8.415116207082055100e-01 1.155433293858138866e+00 -1.015534810589202142e+00 1.052810371453508420e+00 3.065946980678099232e-01 1.648206321824797760e+00 -1.250947699716838946e+00 -7.404466939027750660e-01 2.047451593050921004e-01
3.953086696757506235e-01 -2.259012886881939242e+00 1.176283221719580929e+01 -2.206174081826575706e-02 5.478770927039245953e-01 -6.223901490994548924e-01 1.538561137700178161e-01 -1.593072325422365543e+00 7.631724091920619180e-02 7.601522453493617104e-02 -3.385706260180891269e-01 -7.474242509917482513e-01 9.107249250270899044e-03 1.034335985873428232e+00 -8.346118872193883931e-01
-7.478591718999456628e-01 -7.095956634413469466e-01 -2.206174081826582645e-02 6.697789433336287956e+00 -1.021854198354974708e+00 3.270410172916287106e-01 1.936668526624979236e+00 1.376939686506989391e+00 2.421409065603117028e-01 -7.188481554925183481e-01 6.348055025623643433e-01 -3.979827740846241246e-01 5.292422989455457527e-01 1.161503948076086368e-01 1.685151521788616824e+00
-5.301613579919727037e+00 -1.907142070695116320e+00 5.478770927039241512e-01 -1.021854198354974930e+00 1.171530662405578838e+01 -4.423535694657329542e-01 7.424628457784745450e-01 1.965057105426092576e+00 3.053803322495746153e-01 -2.874388455636573969e-01 -4.203278925005773936e-01 -8.371160331880317385e-01 2.200293601932666654e+00 1.461293787833457536e+00 -2.414720544699247906e+00
-2.821988439068350285e+00 -5.018694462217972996e-01 -6.223901490994550034e-01 3.270410172916290437e-01 -4.423535694657340644e-01 5.834365963414397172e+00 -1.268797373871193845e-01 1.466383187719496828e+00 -8.225267614120139459e-02 4.788560529694642354e-02 -9.364808248259661738e-01 -9.981406327636231646e-02 -1.666394648961133873e+00 1.272596528591280474e-01 8.417643162881972563e-01
5.209874330807690024e-01 8.415116207082053990e-01 1.538561137700179271e-01 1.936668526624979458e+00 7.424628457784737678e-01 -1.268797373871191347e-01 5.658698053605551337e+00 2.496539244681907022e+00 -1.129759991997553392e+00 1.271142617919621021e+00 7.833698917672904383e-01 -2.732692020349415940e-01 8.487435137789197670e-01 7.188392916890843365e-01 7.966945755504718785e-02
1.174466246926912705e+00 1.155433293858139310e+00 -1.593072325422364655e+00 1.376939686506989835e+00 1.965057105426089912e+00 1.466383187719496606e+00 2.496539244681906577e+00 7.670315989727380490e+00 -6.587879880563103363e-01 2.289952481956772701e+00 -2.083554499488332878e-01 4.415757172743837167e-01 2.708890901625994996e+00 -1.151346980652949437e-01 -5.632273567599600794e-02
1.020548182391539660e+00 -1.015534810589202364e+00 7.631724091920599751e-02 2.421409065603115640e-01 3.053803322495750594e-01 -8.225267614120115867e-02 -1.129759991997553392e+00 -6.587879880563103363e-01 4.385696821782429922e+00 8.432533849176643281e-02 1.239990603013984893e+00 4.113503388960443874e-01 8.034892563496514040e-01 -2.046806336575235363e-02 -8.924740546379518191e-01
3.796246037596373579e+00 1.052810371453508420e+00 7.601522453493619880e-02 -7.188481554925171269e-01 -2.874388455636598394e-01 4.788560529694652762e-02 1.271142617919621243e+00 2.289952481956772701e+00 8.432533849176671037e-02 6.197874739223816043e+00 5.801803103043873255e-02 1.805074836256395088e-01 9.031265491504736342e-01 -6.951760278282542727e-01 2.531036936305114393e-01
1.437955609165283866e+00 3.065946980678096456e-01 -3.385706260180890714e-01 6.348055025623644543e-01 -4.203278925005773381e-01 -9.364808248259659518e-01 7.833698917672902162e-01 -2.083554499488337874e-01 1.239990603013984893e+00 5.801803103043827459e-02 6.756251134016567406e+00 -4.029153727903997950e-01 -4.567070294355575766e-01 5.096701601311994789e-01 -8.380801213147566209e-01
6.939259997363507182e-01 1.648206321824797760e+00 -7.474242509917485844e-01 -3.979827740846241246e-01 -8.371160331880318495e-01 -9.981406327636214992e-02 -2.732692020349414275e-01 4.415757172743838277e-01 4.113503388960441098e-01 1.805074836256396198e-01 -4.029153727903998505e-01 5.808232778173733735e+00 3.244948168605645278e-01 7.366481208735251585e-01 7.435867678173386786e-01
1.555887598361739510e+00 -1.250947699716838057e+00 9.107249250270746388e-03 5.292422989455458637e-01 2.200293601932667098e+00 -1.666394648961133429e+00 8.487435137789199890e-01 2.708890901625995884e+00 8.034892563496512929e-01 9.031265491504736342e-01 -4.567070294355571880e-01 3.244948168605646943e-01 7.389089526907742567e+00 2.024930996958526741e+00 -1.183299552637800955e+00
-6.215125108819750110e-01 -7.404466939027747330e-01 1.034335985873428232e+00 1.161503948076085257e-01 1.461293787833457980e+00 1.272596528591282417e-01 7.188392916890844475e-01 -1.151346980652944441e-01 -2.046806336575232588e-02 -6.951760278282539396e-01 5.096701601311997010e-01 7.366481208735252695e-01 2.024930996958526741e+00 5.878312816946450248e+00 -1.309760868190741334e+00
2.779381063196599277e-01 2.047451593050918506e-01 -8.346118872193886151e-01 1.685151521788617268e+00 -2.414720544699247906e+00 8.417643162881969232e-01 7.966945755504717397e-02 -5.632273567599628550e-02 -8.924740546379518191e-01 2.531036936305108842e-01 -8.380801213147567319e-01 7.435867678173384565e-01 -1.183299552637800733e+00 -1.309760868190741334e+00 7.592437684332971948e+00
