1.506706101300129674e+01 1.060757739306134040e+00 3.165175649433116689e+00 -1.120496406191621830e+01 -1.322783937201364779e+01 1.851632532555390620e+00 -7.546335930274229220e+00 -3.361405385260177736e-01 2.843590101969822648e+00 3.415683880921787985e+00 3.005279555021164839e+00 -1.159919353370285222e+01 6.204673112004348567e-01 9.672656216784787375e+00 -8.485570583910866382e-01
1.060757739306133374e+00 2.111042759033404081e+01 -2.199187788426669954e+01 -4.347687182130332673e+00 -6.068130405995919574e-02 -6.638731982419072253e+00 1.030780897328257062e+01 1.828398181280530110e+01 6.574793803827743588e+00 1.602408145676131213e+01 -9.475396322216337097e+00 2.102978590838127815e+01 1.057609544847889183e+01 -3.060005692742372219e+01 -1.076858839309644367e+01
3.165175649433111360e+00 -2.199187788426668533e+01 4.906213985397182853e+01 7.918442088835287329e+00 -2.323103782985363353e+00 1.303936037525014857e+00 -1.193194384426438326e+01 -2.948925848981124886e+01 -5.692200162537059960e+00 -1.816576743270667293e+01 1.610749924708610337e+01 -3.684976128636630932e+01 -2.208873522103620957e+01 2.826173589816947640e+01 2.849885303089829236e+01
-1.120496406191621652e+01 -4.347687182130327344e+00 7.918442088835276671e+00 2.211685939284077307e+01 6.384671031171152755e+00 -3.181700115018566866e+00 7.042974403787075843e+00 -5.795563218461935229e+00 4.731007451423241417e-01 -5.134011137758562882e+00 2.789325126871070371e+00 2.515657885057344334e+00 -1.010618517855221121e+01 -1.574936911629848524e+01 1.533979828607465024e+01
-1.322783937201365667e+01 -6.068130405995723203e-02 -2.323103782985377563e+00 6.384671031171158972e+00 2.614026297886882233e+01 -1.122745057622041465e+01 1.367427798362328417e+01 3.574773942610953270e+00 -1.516969082003392089e+00 2.860499370201704750e+00 -2.271765450090826199e+00 1.176009217735287038e+01 -6.144264573831579312e+00 -1.787629147006445152e+01 1.080672154386395523e+00
1.851632532555400168e+00 -6.638731982419078470e+00 1.303936037525028624e+00 -3.181700115018571307e+00 -1.122745057622042353e+01 1.654374849448016604e+01 -1.116984890501756134e+01 -2.590342710182598651e+00 -5.418277226197769636e+00 -7.069910630961302900e+00 5.002333970242636596e+00 -1.304332279721203847e+01 1.292549560162147504e+00 2.519969909304148459e+01 -3.423871694331749094e+00
-7.546335930274231885e+00 1.030780897328257240e+01 -1.193194384426439747e+01 7.042974403787074955e+00 1.367427798362327529e+01 -1.116984890501754890e+01 2.008830988581859955e+01 1.209157254271732995e+01 2.790430553416125115e+00 1.078480574242163925e+01 -5.753243864592862522e+00 2.001081191774257206e+01 1.642942054932864826e+00 -3.585157607747780872e+01 -1.159782238850864733e+00
-3.361405385260152201e-01 1.828398181280529755e+01 -2.948925848981124886e+01 -5.795563218461942334e+00 3.574773942610943944e+00 -2.590342710182591546e+00 1.209157254271732107e+01 2.638749088961787947e+01 1.392890806610818544e+00 1.970327149655307153e+01 -1.261855340104203549e+01 2.504117690399705509e+01 1.563508645880077808e+01 -2.666994625441317623e+01 -1.995978887370432275e+01
2.843590101969824424e+00 6.574793803827758687e+00 -5.692200162537080388e+00 4.731007451423172583e-01 -1.516969082003389646e+00 -5.418277226197774077e+00 2.790430553416134440e+00 1.392890806610836529e+00 1.682034153557858502e+01 1.026791929948440263e+00 2.208680917452438663e+00 2.260168369535028976e+00 -3.070790710677221647e+00 -1.539786403141069115e+01 3.122390891394166701e+00
3.415683880921784876e+00 1.602408145676131213e+01 -1.816576743270668359e+01 -5.134011137758566434e+00 2.860499370201704750e+00 -7.069910630961302900e+00 1.078480574242163925e+01 1.970327149655307153e+01 1.026791929948426940e+00 2.571386986690745857e+01 -6.787744670248346601e+00 1.309646318211164306e+01 2.917448777129647119e+00 -3.605798040253903736e+01 -8.601511944588487779e+00
3.005279555021164395e+00 -9.475396322216321110e+00 1.610749924708608560e+01 2.789325126871070815e+00 -2.271765450090822203e+00 5.002333970242631267e+00 -5.753243864592851864e+00 -1.261855340104201773e+01 2.208680917452451098e+00 -6.787744670248330614e+00 2.738787478760605154e+01 -3.809001564695694242e+01 -3.007321099384441965e+01 1.178520780919835254e+00 2.159973447945545288e+01
-1.159919353370285577e+01 2.102978590838124617e+01 -3.684976128636628090e+01 2.515657885057342114e+00 1.176009217735286327e+01 -1.304332279721202426e+01 2.001081191774255430e+01 2.504117690399703022e+01 2.260168369535007216e+00 1.309646318211161464e+01 -3.809001564695694242e+01 8.205957531746899747e+01 4.324486051738938386e+01 -2.870800023713896110e+01 -3.057597834037924756e+01
6.204673112004437385e-01 1.057609544847886163e+01 -2.208873522103616693e+01 -1.010618517855221654e+01 -6.144264573831593523e+00 1.292549560162155275e+00 1.642942054932839513e+00 1.563508645880074255e+01 -3.070790710677236746e+00 2.917448777129621362e+00 -3.007321099384441254e+01 4.324486051738935544e+01 5.285937641663398523e+01 1.584378056703704374e+01 -3.335444480942049239e+01
9.672656216784787375e+00 -3.060005692742374350e+01 2.826173589816952969e+01 -1.574936911629847103e+01 -1.787629147006443020e+01 2.519969909304146682e+01 -3.585157607747780872e+01 -2.666994625441320821e+01 -1.539786403141066984e+01 -3.605798040253905157e+01 1.178520780919882993e+00 -2.870800023713903570e+01 1.584378056703696558e+01 1.137618983876833028e+02 -1.387513135764370631e+01
-8.485570583910897469e-01 -1.076858839309642057e+01 2.849885303089826749e+01 1.533979828607465379e+01 1.080672154386403960e+00 -3.423871694331756643e+00 -1.159782238850848746e+00 -1.995978887370430144e+01 3.122390891394184465e+00 -8.601511944588470016e+00 2.159973447945545999e+01 -3.057597834037924045e+01 -3.335444480942050660e+01 -1.387513135764377026e+01 4.115534787873827582e+01
