3.315540465954519078e+01 8.667224674021547504e-01 1.354121504530648679e+01 -9.429379098444368168e+00 -2.577417583673073942e+00 -2.217042704166527045e+01 -1.730586044113611166e+01 4.883101462206107080e+00 1.793997541520612415e+01 1.842551570449687048e+01 -4.252982157676482800e+00 1.481941945141362460e+01 -1.861837690013001367e+00 3.355527150418418092e-01 -1.433532926926992168e+01
8.667224674021759556e-01 1.972968459080138004e+01 1.546789916305209189e+01 -1.533975298937549692e+00 -8.047311138195809121e+00 1.815972497287700804e+01 -1.007686042963671724e+01 -5.433564254983804354e+00 -7.569537750401178933e+00 1.253691475850479442e+01 2.157990086663630791e+00 1.014526163393496638e+01 -1.354967394743311715e+01 -1.193563199178939627e+01 -2.456724737633916078e+00
1.354121504530659159e+01 1.546789916305209012e+01 1.162629725688751989e+02 -3.539239591566120424e+01 1.631880423377968015e+01 6.001980935554868779e+00 -1.285475044910190512e+01 -3.976051965188967330e+01 2.130386527461705271e+01 3.861144226409266622e+01 1.838903497996195924e+01 2.977006975446889925e+01 -2.138047995051030981e+01 -3.958218968357001444e+01 -3.835826518350246062e+01
-9.429379098444398366e+00 -1.533975298937537479e+00 -3.539239591566116161e+01 3.076019805932008211e+01 -6.926894897613883550e+00 6.344950401820913299e+00 -3.627375616643080392e+00 2.175761175270439907e+01 -2.486417118037923402e+01 -1.139227852752307868e+01 -2.241663459014645809e+00 5.619125393833885873e-01 2.055180789283243215e+00 7.870806796212833412e+00 3.374620051268170329e+01
-2.577417583673027313e+00 -8.047311138195793134e+00 1.631880423377973699e+01 -6.926894897613905755e+00 2.733182085093734059e+01 -7.548135181591471898e+00 -1.394100118042142178e+00 3.856128460652996637e-02 -2.642092439585631780e+00 8.802153532534459757e+00 4.522024545320694422e+00 1.224709174244564558e+01 1.488531515488659362e+00 -3.299365736725607068e+00 -5.425996002198158585e+00
-2.217042704166524558e+01 1.815972497287703646e+01 6.001980935554973584e+00 6.344950401820863561e+00 -7.548135181591458576e+00 4.181871383356154581e+01 -2.015337666599677391e+00 -3.876849713779072282e+00 -2.190734429207747525e+01 1.444013855620993603e-01 3.155266328164079148e+00 4.267570367094723593e+00 -1.383625351065623299e+01 -1.297598576192145181e+01 1.055871319246353757e+01
-1.730586044113614008e+01 -1.007686042963672257e+01 -1.285475044910189979e+01 -3.627375616643075951e+00 -1.394100118042111314e+00 -2.015337666599665400e+00 3.963818898297999738e+01 -1.122165672658002222e+01 1.899563806630844454e+00 -1.947254602560469650e+01 6.742647051859979257e+00 -3.651667450924928460e+01 1.810680527397174444e+01 7.730366761027548606e+00 -4.205299979224891516e+00
4.883101462206083099e+00 -5.433564254983788366e+00 -3.976051965188965909e+01 2.175761175270440972e+01 3.856128460653707180e-02 -3.876849713779021211e+00 -1.122165672658003288e+01 3.610262948224156787e+01 -1.934995116217258015e+01 -4.474515737210667865e+00 -1.126091932009344276e+01 1.021167315428131772e+01 1.378490297540744258e+00 1.273699669189483963e+01 2.640177965779009384e+01
1.793997541520612060e+01 -7.569537750401210019e+00 2.130386527461694257e+01 -2.486417118037920559e+01 -2.642092439585654873e+00 -2.190734429207752143e+01 1.899563806630871099e+00 -1.934995116217254463e+01 4.885312520908419742e+01 3.641150746953538686e+00 -3.564039231218974813e+00 -7.404925727560009108e+00 5.099233611599530924e+00 3.587867566741651526e+00 -3.437919387990729092e+01
1.842551570449692377e+01 1.253691475850479442e+01 3.861144226409264490e+01 -1.139227852752308934e+01 8.802153532534411795e+00 1.444013855620518982e-01 -1.947254602560469294e+01 -4.474515737210677635e+00 3.641150746953591977e+00 3.190502200785276798e+01 3.262833993046813319e+00 2.666397250372089545e+01 -1.188861861505047912e+01 -1.488564807029352899e+01 -1.600373819908248407e+01
-4.252982157676465924e+00 2.157990086663633011e+00 1.838903497996198055e+01 -2.241663459014662685e+00 4.522024545320694422e+00 3.155266328164065825e+00 6.742647051859975704e+00 -1.126091932009345342e+01 -3.564039231218952608e+00 3.262833993046826642e+00 2.061261301036973492e+01 -4.449073362360634221e+00 3.921799295352831116e+00 -6.835522326688975525e+00 -1.102204394965121681e+00
1.481941945141367256e+01 1.014526163393498237e+01 2.977006975446892767e+01 5.619125393833708237e-01 1.224709174244561183e+01 4.267570367094705830e+00 -3.651667450924929881e+01 1.021167315428129996e+01 -7.404925727559964699e+00 2.666397250372092032e+01 -4.449073362360639550e+00 5.953298282016829290e+01 -2.398946107383994786e+01 -1.853098652940306934e+01 3.933843480573799845e+00
-1.861837690013028679e+00 -1.354967394743312781e+01 -2.138047995051033467e+01 2.055180789283260534e+00 1.488531515488678236e+00 -1.383625351065621878e+01 1.810680527397174799e+01 1.378490297540765352e+00 5.099233611599500726e+00 -1.188861861505049333e+01 3.921799295352831116e+00 -2.398946107383994075e+01 2.668929998629505462e+01 1.568052971316934041e+01 1.426109263455156206e+00
3.355527150417979554e-01 -1.193563199178940337e+01 -3.958218968357003575e+01 7.870806796212860945e+00 -3.299365736725589748e+00 -1.297598576192141806e+01 7.730366761027553935e+00 1.273699669189486272e+01 3.587867566741602676e+00 -1.488564807029354853e+01 -6.835522326688971084e+00 -1.853098652940306934e+01 1.568052971316933686e+01 2.588304221644442649e+01 4.877434171051497458e+00
-1.433532926926996254e+01 -2.456724737633895650e+00 -3.835826518350239667e+01 3.374620051268169618e+01 -5.425996002198125723e+00 1.055871319246360329e+01 -4.205299979224900397e+00 2.640177965779007252e+01 -3.437919387990731934e+01 -1.600373819908245920e+01 -1.102204394965097700e+00 3.933843480573832707e+00 1.426109263455128451e+00 4.877434171051453049e+00 4.969702459868577193e+01
