1.785214039969174493e+01 -5.535769967006849868e+00 -1.043835950247082067e+01 -5.751380055547068437e+00 -1.818737057469623863e+01 -2.446227243100990378e+00 1.486848084936187808e+00 -1.317262202085272094e+01 1.673344420706258973e+01 1.015839696023058458e+01 2.130937001498311112e+00 1.046161199406273923e+01 4.795145748886833204e+00 4.730929952477510803e+00 5.014118414344089558e+00
-5.535769967006847203e+00 1.059322930769445748e+02 2.393279979961446458e+01 4.556626191388562575e+01 4.012017489348481547e+01 -2.160663405420214289e+01 3.562760342119976542e+01 5.856372486704045599e+01 -7.973856649205829150e+00 2.276106340169663866e+01 1.701251607562757329e+01 -2.894924294989059899e+00 -1.713545809104118334e+01 6.292620707074849662e+00 -1.643256750900665963e+01
-1.043835950247081712e+01 2.393279979961446813e+01 4.230935261080671239e+01 1.365540358269990406e+01 2.761640000885207868e+01 -1.523594729459258978e+01 8.487569560477677300e+00 1.918320940356486659e+01 -1.674706864748228696e+01 5.173369858762594475e+00 1.430323260976786592e+01 -1.174449907755040812e+01 -6.575183822132199651e+00 -1.324866476298149465e+00 -1.556737713461020789e+01
-5.751380055547061332e+00 4.556626191388563996e+01 1.365540358269990762e+01 5.086926686319909408e+01 2.231730070655329001e+01 -1.754845964706721162e+01 2.290417728516409923e+01 1.909203361475806204e+01 -3.838196182138172929e+00 1.192870878500623988e+01 2.323462409934206363e+01 6.699953406620226204e+00 -1.401046834357333282e+01 1.249970158656379482e+01 -1.102067508362669557e+01
-1.818737057469623153e+01 4.012017489348478705e+01 2.761640000885206092e+01 2.231730070655326159e+01 7.306240572067022754e+01 -1.764023696674442832e+01 1.692253920821482538e+01 2.296806486457289154e+01 -1.533330660672004520e+01 6.192895040246944038e-01 -4.163703758489796236e+00 -4.202741719952581612e+00 8.297847334635113370e+00 4.073046979613149432e+00 -2.445274962210296366e+01
-2.446227243100994819e+00 -2.160663405420212513e+01 -1.523594729459257913e+01 -1.754845964706719030e+01 -1.764023696674443897e+01 3.221265770100650627e+01 -2.037219588409046267e+00 7.015028518509862643e+00 1.654595041403889688e+00 -8.061164954041309727e+00 -3.048427472492633328e+01 -1.432736625177412648e+01 1.229456272874223988e+00 -2.517494255355588706e+01 1.664197490618568764e+01
1.486848084936196690e+00 3.562760342119977963e+01 8.487569560477679076e+00 2.290417728516410278e+01 1.692253920821483604e+01 -2.037219588409060922e+00 3.778915767144286519e+01 2.576652261312734282e+01 2.006650092245227945e+00 1.315004883584133921e+01 -2.231744430210597763e+00 -1.429491624117497306e+00 -4.541924556742123364e+00 -1.510429327175281333e+00 -2.961238451318250475e-01
-1.317262202085271028e+01 5.856372486704048441e+01 1.918320940356487370e+01 1.909203361475807625e+01 2.296806486457291285e+01 7.015028518509832445e+00 2.576652261312734993e+01 8.059879500220775128e+01 -1.979778804108948265e+01 1.687319929047661660e+01 5.612804984682015608e+00 -1.915471536405098973e+01 -1.828405893498948487e+01 -1.527877584976571512e+01 4.625238290192990043e+00
1.673344420706259683e+01 -7.973856649205837144e+00 -1.674706864748229407e+01 -3.838196182138180923e+00 -1.533330660672006474e+01 1.654595041403899014e+00 2.006650092245222616e+00 -1.979778804108948975e+01 3.112689647216607369e+01 1.484251264517377678e+01 -2.670197020932153720e+00 1.272567458260067852e+01 7.333612457604882451e+00 5.196487035885513528e+00 5.316577261394927589e+00
1.015839696023058991e+01 2.276106340169663866e+01 5.173369858762578488e+00 1.192870878500623455e+01 6.192895040246924054e-01 -8.061164954041311503e+00 1.315004883584132855e+01 1.687319929047659528e+01 1.484251264517378388e+01 3.344341765408950806e+01 2.325028261767785764e+01 1.279006578160944763e+01 -6.402953361052960091e+00 1.009317611670707393e+01 2.885022456005425617e+00
2.130937001498317329e+00 1.701251607562759460e+01 1.430323260976786770e+01 2.323462409934206363e+01 -4.163703758489770479e+00 -3.048427472492635104e+01 -2.231744430210603980e+00 5.612804984681993403e+00 -2.670197020932143062e+00 2.325028261767786475e+01 8.875650781683566493e+01 2.844122458575709800e+01 -1.561421425935316520e+01 4.452373087634136795e+01 -1.468372864385048970e+01
1.046161199406274278e+01 -2.894924294989065672e+00 -1.174449907755041345e+01 6.699953406620213769e+00 -4.202741719952578947e+00 -1.432736625177411938e+01 -1.429491624117503079e+00 -1.915471536405101460e+01 1.272567458260068562e+01 1.279006578160944585e+01 2.844122458575707313e+01 4.048733580525490083e+01 4.386839778505258636e+00 3.549979653289795323e+01 -4.604836058184785585e+00
4.795145748886833204e+00 -1.713545809104121531e+01 -6.575183822132213862e+00 -1.401046834357335769e+01 8.297847334635088501e+00 1.229456272874247746e+00 -4.541924556742136687e+00 -1.828405893498949553e+01 7.333612457604884227e+00 -6.402953361052974302e+00 -1.561421425935318830e+01 4.386839778505244425e+00 2.172598873787493545e+01 5.035279070964040926e+00 -5.326853389907175718e+00
4.730929952477519684e+00 6.292620707074830122e+00 -1.324866476298151241e+00 1.249970158656376995e+01 4.073046979613158314e+00 -2.517494255355587995e+01 -1.510429327175295544e+00 -1.527877584976574177e+01 5.196487035885523298e+00 1.009317611670707393e+01 4.452373087634135373e+01 3.549979653289795323e+01 5.035279070964064019e+00 5.307769578191629023e+01 -1.863617339777891146e+01
5.014118414344085117e+00 -1.643256750900664542e+01 -1.556737713461020078e+01 -1.102067508362667425e+01 -2.445274962210297076e+01 1.664197490618568054e+01 -2.961238451318175535e-01 4.625238290193001589e+00 5.316577261394920484e+00 2.885022456005429170e+00 -1.468372864385047194e+01 -4.604836058184783809e+00 -5.326853389907192593e+00 -1.863617339777890791e+01 2.953749806643602582e+01
