2.773814663849181628e+01 -4.337848269843517457e+00 6.119859728910832075e+00 -1.684656744848937748e+01 -1.047420878254018461e+01 2.807066178468399897e+00 -1.044730263441159490e+00 5.561308912015910266e+00 3.526706066472105938e+00 8.704274945234111271e+00 1.214754960257044303e+01 3.523176055850656851e+00 1.101604414397854903e+01 -4.735478858960774140e+00 -1.721882650205845167e+01
-4.337848269843519233e+00 8.043045860404667735e+00 -6.248289130627230570e+00 4.842713095111302657e+00 -5.489275472880669859e+00 -2.612313489746716844e+00 3.009843692464228671e+00 3.531254560550989297e-01 -9.917964236638884268e-01 -1.696905624506896970e+00 -3.037645429918529150e+00 2.412761088606509396e+00 -1.541541929441886616e+00 2.648984140692256073e+00 1.977292190002017724e+00
6.119859728910845398e+00 -6.248289130627233234e+00 3.159029843734699483e+01 -9.683491804127010383e+00 1.295994420540083070e+01 -3.179111128280958987e+00 2.427545640528258053e-01 3.419608587370841501e-01 -1.993645184604992959e-01 -2.111179980096826170e-01 5.492356232994746179e+00 9.577283750626584435e+00 7.642796941474097494e+00 -8.541782369042465461e+00 -4.938288932538757336e+00
-1.684656744848937393e+01 4.842713095111298216e+00 -9.683491804126990843e+00 2.976094888815484296e+01 2.637219100615397771e+00 -1.150144775133118458e+01 4.475132986600979024e+00 -2.849222342140758535e+00 -2.945596298616801612e-01 -3.829312603491111133e+00 -8.034730774111086049e+00 1.132337528142036032e+00 -8.286119632561874226e+00 3.641469723757172261e+00 1.613299692650767270e+01
-1.047420878254016685e+01 -5.489275472880675188e+00 1.295994420540083958e+01 2.637219100615380452e+00 2.583964019706013104e+01 -2.877822608038117735e+00 6.281064022343068043e-01 2.602665842778668637e+00 -1.017164206365808399e+00 -1.747333640864626503e+00 2.903638903542475447e+00 -1.902608988381131017e+00 1.744347048444931270e+00 -8.606737815139422487e-01 3.854092371803309991e+00
2.807066178468395012e+00 -2.612313489746710626e+00 -3.179111128280971421e+00 -1.150144775133117747e+01 -2.877822608038128394e+00 1.255443319607580932e+01 -2.767698251433696299e+00 2.124983645725522674e+00 -2.320816527665150009e+00 1.847583849711677217e+00 7.875734463444707956e-01 -8.492404214224794856e+00 -1.408709397878407099e-01 2.415017596563117319e+00 -3.638844873890644926e+00
-1.044730263441155715e+00 3.009843692464226894e+00 2.427545640528324666e-01 4.475132986600976359e+00 6.281064022343091358e-01 -2.767698251433699852e+00 5.683697938086185175e+00 2.934290650351196739e+00 -1.576566745294583738e+00 -4.269330855946567582e-01 4.503825764807913856e-01 3.319297881510252513e+00 1.087676838305421390e+00 1.599087973368230386e+00 -2.060611303532907113e-01
5.561308912015914707e+00 3.531254560551000399e-01 3.419608587370792652e-01 -2.849222342140759423e+00 2.602665842778663752e+00 2.124983645725524006e+00 2.934290650351195850e+00 9.290198788131412755e+00 -7.692545637781578183e-01 4.354173164619859371e+00 4.181379628029104012e+00 -3.637858618055487270e+00 6.049039444305154944e+00 2.000561816105776991e+00 -5.203264482311545258e+00
3.526706066472106826e+00 -9.917964236638899811e-01 -1.993645184604979637e-01 -2.945596298616826592e-01 -1.017164206365808399e+00 -2.320816527665148676e+00 -1.576566745294585292e+00 -7.692545637781582624e-01 7.830487837639707571e+00 -2.580120436495351166e-01 3.489475562669010600e+00 9.780478635799116915e-01 5.690598866773255438e-03 -1.725609639752740954e+00 -2.583294764870087690e+00
8.704274945234109495e+00 -1.696905624506894972e+00 -2.111179980096901110e-01 -3.829312603491109357e+00 -1.747333640864632720e+00 1.847583849711678994e+00 -4.269330855946571468e-01 4.354173164619858483e+00 -2.580120436495354497e-01 8.182073574892049450e+00 2.435100900343992514e+00 -4.549974318468604118e+00 4.409324159802910259e+00 1.277702053499310431e+00 -2.588231685568375351e+00
1.214754960257045724e+01 -3.037645429918529594e+00 5.492356232994739074e+00 -8.034730774111094931e+00 2.903638903542456795e+00 7.875734463444787892e-01 4.503825764807896093e-01 4.181379628029107565e+00 3.489475562669011044e+00 2.435100900343997843e+00 2.122253511938057358e+01 -5.566059344931666431e+00 2.256910446329786879e+00 -6.098189515626725177e-01 -1.123948402563783944e+01
3.523176055850657740e+00 2.412761088606503179e+00 9.577283750626595094e+00 1.132337528142016048e+00 -1.902608988381118804e+00 -8.492404214224791303e+00 3.319297881510244519e+00 -3.637858618055486826e+00 9.780478635799121356e-01 -4.549974318468601453e+00 -5.566059344931661990e+00 3.000302463005151310e+01 9.095695769054859880e+00 -9.526391855924336127e+00 -5.920265807688871007e+00
1.101604414397855791e+01 -1.541541929441889058e+00 7.642796941474097494e+00 -8.286119632561888437e+00 1.744347048444927495e+00 -1.408709397878347147e-01 1.087676838305415838e+00 6.049039444305156721e+00 5.690598866773033393e-03 4.409324159802916476e+00 2.256910446329784214e+00 9.095695769054852775e+00 1.935493085345525799e+01 -2.383528882676692717e+00 -1.484581046976472685e+01
-4.735478858960776805e+00 2.648984140692258737e+00 -8.541782369042463685e+00 3.641469723757181143e+00 -8.606737815139420267e-01 2.415017596563111546e+00 1.599087973368235938e+00 2.000561816105777879e+00 -1.725609639752740287e+00 1.277702053499308876e+00 -6.098189515626730728e-01 -9.526391855924330798e+00 -2.383528882676691829e+00 1.112191395729441190e+01 2.170735287934816071e+00
-1.721882650205845522e+01 1.977292190002017946e+00 -4.938288932538746678e+00 1.613299692650768336e+01 3.854092371803321981e+00 -3.638844873890652920e+00 -2.060611303532859928e-01 -5.203264482311547034e+00 -2.583294764870087246e+00 -2.588231685568379792e+00 -1.123948402563783233e+01 -5.920265807688863013e+00 -1.484581046976472507e+01 2.170735287934815183e+00 2.762386793475394953e+01
