1.214395968693176897e+01 1.336945733101318590e+00 5.875621957605755563e-01 9.746442628384972551e-01 -5.095057987858520931e+00 -2.992368911974160106e+00 3.694539255145473433e+00 2.744170958933589421e+00 -1.406310776442007526e+00 4.366647140958746398e+00 4.743773539226896041e+00 -1.590375333471385266e+00 5.228728239264336608e+00 -8.153237464130408396e-01 -2.340511879258752259e+00
1.336945733101317924e+00 8.321110584166945046e+00 -1.766406659989921746e+00 1.599310217799053135e-01 -3.592749195447262345e-01 3.309708791517162574e+00 7.125782835105967550e+00 3.037597969484452598e+00 -8.175227949540739836e-01 6.727141341003225250e+00 2.786162235949233512e+00 -2.107779896309746270e+00 1.370890814838617411e+00 2.118791748238257000e+00 4.215610445362799830e+00
5.875621957605761114e-01 -1.766406659989922190e+00 1.837727654715720504e+01 -2.084808532838379858e+00 -6.486186202140881818e+00 3.923158580174305854e+00 4.239247633529547699e+00 1.722897114619490466e-01 -2.846589739237743277e+00 3.660307303748849828e-01 3.025607842142281179e+00 -5.764056524140446669e+00 -5.285641398960525539e-01 -1.590873490001156743e+00 4.639960754897252571e+00
9.746442628384945905e-01 1.599310217799033151e-01 -2.084808532838380302e+00 1.088507684532358688e+01 2.284839645756921556e+00 -3.403443689475865508e+00 3.106355853831423541e+00 7.332615748436730030e+00 1.733076434902705687e+00 7.832629233246274358e-01 -2.258128271302646706e+00 4.821612204567701454e+00 3.605102900916055120e+00 1.663537490679949382e+00 -2.792906176029299914e+00
-5.095057987858527149e+00 -3.592749195447288990e-01 -6.486186202140886259e+00 2.284839645756921112e+00 1.698650878348359328e+01 -4.972288049288115630e+00 -1.153836827633063278e+00 5.740345790108531077e+00 7.965269133246256850e+00 -3.850596384394608940e-01 -5.341912316458587995e+00 5.512520033687648535e+00 3.855286680840588343e+00 6.309160622618968262e+00 -4.458359344455537610e+00
-2.992368911974159662e+00 3.309708791517166127e+00 3.923158580174308074e+00 -3.403443689475862399e+00 -4.972288049288112077e+00 2.022525994119859760e+01 1.941027766034940649e+00 -8.933265412202233691e-01 -9.202975280076579168e+00 7.141669134318101797e+00 5.177506113976962254e+00 -1.468043785764418985e+01 2.760625876138506740e+00 1.785278981736260207e-02 1.059250479440727410e+01
3.694539255145469880e+00 7.125782835105967550e+00 4.239247633529547699e+00 3.106355853831427094e+00 -1.153836827633059059e+00 1.941027766034931101e+00 1.708062199068391607e+01 8.562562919265465311e+00 -4.904967978807421858e+00 1.031512446739209210e+01 4.934737132625092393e+00 -1.976941930979597917e+00 2.883167025503340586e+00 2.280725577978346852e+00 3.267292172936182126e+00
2.744170958933584537e+00 3.037597969484448601e+00 1.722897114619472703e-01 7.332615748436732694e+00 5.740345790108536406e+00 -8.933265412202335831e-01 8.562562919265461758e+00 1.919860721999883069e+01 3.044567470759300676e+00 4.637563088314708537e+00 -2.134538131638770153e+00 6.078935407790162060e+00 5.059984667455950103e+00 4.255659428137446909e+00 1.709975947097483795e+00
-1.406310776442009525e+00 -8.175227949540768702e-01 -2.846589739237746830e+00 1.733076434902705465e+00 7.965269133246257738e+00 -9.202975280076580944e+00 -4.904967978807428075e+00 3.044567470759295347e+00 1.947548866234995657e+01 -4.644449937756710334e+00 -7.019874997336871481e+00 1.033602317310949381e+01 -2.544387918618890243e+00 3.563269027370470798e+00 -2.482709310279098691e+00
4.366647140958743734e+00 6.727141341003227026e+00 3.660307303748839836e-01 7.832629233246319878e-01 -3.850596384394541771e-01 7.141669134318099132e+00 1.031512446739209565e+01 4.637563088314720083e+00 -4.644449937756705893e+00 1.614337128301958302e+01 2.586416969699041779e+00 -3.804940569958664920e+00 1.961791096815230784e+00 1.452668250628379010e+00 4.935529952562469624e+00
4.743773539226895153e+00 2.786162235949235289e+00 3.025607842142281179e+00 -2.258128271302645373e+00 -5.341912316458584442e+00 5.177506113976962254e+00 4.934737132625096834e+00 -2.134538131638765268e+00 -7.019874997336869704e+00 2.586416969699043999e+00 1.219576975796658402e+01 -9.981361819610636843e+00 6.072032413302205001e+00 3.412860874497951613e-01 1.747257496275794075e+00
-1.590375333471387265e+00 -2.107779896309750711e+00 -5.764056524140446669e+00 4.821612204567699678e+00 5.512520033687645871e+00 -1.468043785764419340e+01 -1.976941930979607243e+00 6.078935407790154954e+00 1.033602317310949381e+01 -3.804940569958673358e+00 -9.981361819610638619e+00 2.431811978393039197e+01 -1.095140404200695983e+01 2.811127624729206076e+00 -5.543175629426255746e+00
5.228728239264334832e+00 1.370890814838618077e+00 -5.285641398960554405e-01 3.605102900916057784e+00 3.855286680840593672e+00 2.760625876138503187e+00 2.883167025503344583e+00 5.059984667455953655e+00 -2.544387918618889355e+00 1.961791096815231672e+00 6.072032413302203224e+00 -1.095140404200695450e+01 2.242755152971976784e+01 5.020954955002276066e+00 -4.990575071861418799e+00
-8.153237464130443923e-01 2.118791748238255224e+00 -1.590873490001159407e+00 1.663537490679950048e+00 6.309160622618970038e+00 1.785278981735693993e-02 2.280725577978344187e+00 4.255659428137445133e+00 3.563269027370473463e+00 1.452668250628374347e+00 3.412860874497918862e-01 2.811127624729212293e+00 5.020954955002269848e+00 1.683765610949867764e+01 -1.147822353143269636e+00
-2.340511879258750927e+00 4.215610445362800718e+00 4.639960754897253459e+00 -2.792906176029299026e+00 -4.458359344455535833e+00 1.059250479440727588e+01 3.267292172936184791e+00 1.709975947097489346e+00 -2.482709310279097359e+00 4.935529952562468736e+00 1.747257496275795852e+00 -5.543175629426256634e+00 -4.990575071861416134e+00 -1.147822353143268526e+00 1.864510516228122583e+01
