9.798175236974591940e+01
7.904232912833306557e+01
7.522487962915151627e+01
6.615893885420730669e+01
6.344861645795243277e+01
6.152907964375565797e+01
5.542120099499597785e+01
4.951455844116097893e+01
4.684695086833919220e+01
4.370904094117499028e+01
4.043630524302095353e+01
3.877508961636687701e+01
3.553812516267098687e+01
3.235631649194287007e+01
3.164748642860175920e+01
2.818248393225061577e+01
2.798512340968069978e+01
2.686527304187536203e+01
2.605151606568252021e+01
2.478522652951766858e+01
2.378596390234324787e+01
2.404212894726311234e+01
2.248199220583663660e+01
1.979371478558791964e+01
1.885631568956650739e+01
1.823975039191952874e+01
1.756140498145666839e+01
1.728692075107866089e+01
1.653855414469610352e+01
1.576422188087252430e+01
1.525544146120985367e+01
1.510468263935785416e+01
1.461182925549458211e+01
1.378371371422607439e+01
1.195494905801483831e+01
1.248471912409666196e+01
1.262744640033678500e+01
1.297117524818650836e+01
1.288663960312734069e+01
1.151777065262329103e+01
1.071343991361096926e+01
1.079308177115338907e+01
1.008165525334932866e+01
9.996578679068973017e+00
3.182166016503074624e-01
9.500316392742174543e+00
9.205701994729324156e+00
8.874776764383996763e+00
8.468163683902078631e+00
8.600593833503486607e+00
5.369175087973446781e-01
6.278216454791859524e-01
7.536826899932882462e-01
8.218441895095253136e-01
8.070308800608554378e+00
1.082717608184109004e+00
1.447642783339977424e+00
7.869549128469105703e+00
7.496155772009026386e+00
7.456416237571469985e+00
7.096312973285552772e+00
1.588090003177228260e+00
1.681500269009307047e+00
6.651179037733871979e+00
1.804861666277793875e+00
6.695440470382365561e+00
6.887920158312562435e+00
6.257025846263070790e+00
6.046024379642751967e+00
6.003639486676468628e+00
2.020184919760193765e+00
2.072033023015394715e+00
5.665942206093940392e+00
2.232325773218535758e+00
5.499952600681448978e+00
5.287159665784541218e+00
5.151106397455849084e+00
2.447252448381818990e+00
2.509515630272233899e+00
2.634654470181684527e+00
4.984650901116900457e+00
2.746489323508368940e+00
4.685134984729971031e+00
4.520595379270874403e+00
2.853273193857145174e+00
2.974188228900185749e+00
3.057493965340185138e+00
3.162669367346319760e+00
3.220551050150378014e+00
3.849131069021912044e+00
4.199480484809316572e+00
3.415228146537055309e+00
4.047575451412797953e+00
4.461963122260759640e+00
4.263552153454273963e+00
3.713829218185927150e+00
3.498594583454632367e+00
3.612463572625985719e+00
4.005736718539566255e+00
3.552571858830572804e+00
