3.029895007947746066e+01
2.842517150957656114e+01
2.504428562355937160e+01
2.334477394184995092e+01
2.284749388971585304e+01
2.075830111944567236e+01
1.786564134992502417e+01
1.581822361760903917e+01
1.460578396972841553e+01
1.413761563940956911e+01
1.339507519267878166e+01
1.302801113200917627e+01
1.269716882909453659e+01
1.130727051148797102e+01
1.089713907093415557e+01
1.028473187156190072e+01
9.878057139398322306e+00
9.591852108370442664e+00
9.310493317957394765e+00
4.253037158656338690e-01
7.780235069186141050e-01
1.006732621039759357e+00
1.091019049685240994e+00
1.322493586865369997e+00
8.491775833682254415e+00
8.269271084110586756e+00
7.979220910348391094e+00
7.803087567056496532e+00
1.735176703809117038e+00
7.034067543288363034e+00
6.842229580204286066e+00
6.705263505608219710e+00
2.107055424355400497e+00
6.298190639658387546e+00
6.078636926905560678e+00
5.816749759992271507e+00
2.444334954580420938e+00
2.549089477838067275e+00
5.459139340656188111e+00
4.934763819118807682e+00
4.808346576739905842e+00
2.918917032072888329e+00
3.007939916313912665e+00
4.507800053590263367e+00
4.272131522728321862e+00
4.077272289805418559e+00
3.314922750674792695e+00
3.502157094960622441e+00
3.456097245897421733e+00
3.781003224494547510e+00
