6.805188059806823730e-01
6.330385208129882812e-01
5.519835352897644043e-01
4.942881762981414795e-01
4.536102116107940674e-01
4.182377755641937256e-01
4.088494181632995605e-01
3.762431442737579346e-01
3.425632119178771973e-01
3.167662918567657471e-01
3.104554414749145508e-01
2.712919414043426514e-01
2.505736947059631348e-01
2.239960432052612305e-01
2.191262692213058472e-01
2.078130394220352173e-01
1.848078668117523193e-01
1.761412024497985840e-01
1.626300513744354248e-01
1.472534835338592529e-01
1.396800726652145386e-01
1.295226514339447021e-01
1.207518875598907471e-01
1.124229803681373596e-01
1.016435250639915466e-01
9.589736163616180420e-02
7.706217467784881592e-02
6.466770917177200317e-02
5.754151940345764160e-02
4.752789437770843506e-02
4.154906421899795532e-02
3.911273181438446045e-02
3.327491506934165955e-02
2.948515489697456360e-02
2.292649447917938232e-02
1.929237321019172668e-02
1.661022752523422241e-02
1.154331117868423462e-02
7.239175494760274887e-03
2.940053818747401237e-03
2.224471420049667358e-03
1.477137207984924316e-03
1.120074768550693989e-03
4.103675601072609425e-04
1.984092959901317954e-04
9.103664342546835542e-05
3.049579754588194191e-05
1.476300531066954136e-05
2.841876948878052644e-06
8.437692713414435275e-07
