1.969234034031383018e+01
1.595842962490196371e+01
1.495475428831840858e+01
1.350185669993216386e+01
1.196654583192905186e+01
5.331383042356414581e-01
9.699041492857970681e+00
1.308393786417706428e+00
1.497820907051833572e+00
1.855997109353295205e+00
2.044892946702802750e+00
8.935063891704270844e+00
8.387288782594577441e+00
2.876799201950683837e+00
3.311618073636011239e+00
4.115183960779872585e+00
4.267639004670297886e+00
4.776014907715051550e+00
5.465606611815186255e+00
5.619639601702583143e+00
6.076736564520723860e+00
7.301707240931842868e+00
7.115357988000524436e+00
6.877421541812859473e+00
