5.734465400730124429e+02
3.324181541182562114e+02
2.037645140392011456e+02
1.238454443785162198e+02
1.026411916518485867e+02
6.418386842441809392e+01
4.990143258844430108e+01
4.050413363490370244e+01
3.017107673467675255e+01
2.304043586393745002e+01
1.729566868003139035e+01
1.321908474974094183e+01
1.184720819312015649e+01
9.764209493864322909e+00
7.249317749862979277e+00
5.290938909145652680e+00
5.110392215703421392e+00
4.147770709565384628e+00
7.513492641629069269e-01
1.040413754447913286e+00
1.720323906444776840e+00
1.926297429921788540e+00
3.269135246360778346e+00
2.525633165792675161e+00
