9.513299902935690397e+02
5.139026779965903415e+02
2.439295105367977499e+02
1.767284351847528967e+02
7.187732439664979722e+01
6.344911568708766225e+01
3.894519645048154644e+01
2.786262778143529673e+01
2.228304633404953350e+01
2.094333004791199215e+01
1.434163121530625062e+01
1.250483839628702754e+01
7.003414844297809472e-01
1.245859912236769729e+00
2.322127330420075353e+00
2.959199606035348040e+00
3.815081965613882353e+00
4.942715026867677608e+00
5.465171005652857517e+00
5.923838058021237529e+00
1.064999312563081091e+01
7.839875442734703270e+00
9.693266057428218119e+00
9.278533636456961275e+00
