4.956576746232027517e+02
2.386538868474538901e+02
1.401673884697263190e+02
8.696918114659061416e+01
6.651365788924094602e+01
4.678510918546903952e+01
3.993396447801443827e+01
3.688724470825032142e+01
2.623364521423910745e+01
1.546045259988155074e+01
1.360458683892109732e+01
1.219279179543752889e+01
9.628352476069483856e+00
7.440432047636391211e+00
5.744319486861565238e+00
3.819303180498146433e-01
9.450430291633732383e-01
1.320230493184832321e+00
1.464252083071148958e+00
4.903493504179641249e+00
2.786364451082532501e+00
3.113362819812856674e+00
3.711297021326888324e+00
3.849588279562228710e+00
