1.996558042668065127e+02
1.148801059969210456e+02
7.917503340536815415e+01
6.778434108400226421e+01
4.159301413401473724e+01
3.025148374169404875e+01
2.455179793897727336e+01
1.881737584745458136e+01
1.647411396174866738e+01
1.297594246114537597e+01
1.276052536932338555e+01
1.006784021735200341e+01
9.047583555978336634e+00
8.173869407679461574e+00
6.193910901096867150e+00
6.980552205974909219e-01
5.104706474045777043e+00
4.711123099849479523e+00
1.541792494734464114e+00
4.098197172056448068e+00
3.298017466969596523e+00
2.173141087708102770e+00
2.511740713464111874e+00
2.780480161129383010e+00
