1.865141093730926514e-01
1.595317572355270386e-01
1.091786473989486694e-01
9.692894667387008667e-02
8.689497411251068115e-02
8.928364515304565430e-02
7.136128842830657959e-02
5.918230861425399780e-02
5.069806426763534546e-02
4.427800700068473816e-02
3.761437535285949707e-02
3.261573985219001770e-02
2.946021035313606262e-02
2.477514557540416718e-02
2.012889273464679718e-02
1.637032814323902130e-02
1.418048422783613205e-02
1.179627701640129089e-02
5.490290001034736633e-03
1.696800580248236656e-03
6.716169300489127636e-04
2.129742497345432639e-04
4.530367732513695955e-06
3.923774016811876209e-08
