1.132202711628824332e+01 -5.911775590052350537e-01 -2.053568828588256068e+00 -5.774456030710920729e+00 1.108765180434181374e-01 -6.532055238325900959e+00 1.745066363387301589e+00 -1.295314707602853055e+00 7.828215853732256591e-01 8.200100198954144659e+00
-5.911775590052310569e-01 2.835263402012520828e+01 5.328871797021752954e+00 1.001689101422473138e+00 -4.351018249252593506e+00 -2.748326491428865204e+00 -2.062017805878686438e-01 -1.702597365140036345e+00 5.716916351833241983e+00 4.868786033582914285e+00
-2.053568828588252515e+00 5.328871797021756507e+00 3.121520748895185449e+01 -6.458888198281469428e-01 -2.649522367246243348e+00 6.225497543288827096e+00 -6.651963153597691303e+00 -3.894642733764071885e+00 2.190432614945480250e+00 -4.469496212848152794e+00
-5.774456030710923393e+00 1.001689101422476025e+00 -6.458888198281425019e-01 1.390643437980310182e+01 -4.980086199547605119e+00 2.196235722190994721e+00 -2.199887598436712555e+00 3.094779797851371583e+00 3.385706882617558477e+00 -8.417678906073524203e+00
1.108765180434159170e-01 -4.351018249252597059e+00 -2.649522367246242460e+00 -4.980086199547604231e+00 1.238774309510674598e+01 -2.867578587246874200e+00 2.276749551001325589e+00 2.462645456998082238e+00 4.233117027114872144e-01 5.443521878067118180e+00
-6.532055238325897406e+00 -2.748326491428860763e+00 6.225497543288827984e+00 2.196235722190992501e+00 -2.867578587246876864e+00 1.268276631501873020e+01 -1.869234972637138004e+00 -9.753239064209794085e-02 -9.265983235789455597e-01 -3.904394546535011390e+00
1.745066363387302033e+00 -2.062017805878704202e-01 -6.651963153597690415e+00 -2.199887598436711222e+00 2.276749551001325145e+00 -1.869234972637138448e+00 1.316377588120551501e+01 1.920459024790770686e+00 -3.361130409692212329e+00 4.958922707761080240e+00
-1.295314707602854387e+00 -1.702597365140037233e+00 -3.894642733764070996e+00 3.094779797851372471e+00 2.462645456998080906e+00 -9.753239064209651143e-02 1.920459024790770020e+00 1.073711074667394172e+01 -6.528055816222585461e-01 2.258302548874910332e-01
7.828215853732249929e-01 5.716916351833241094e+00 2.190432614945479806e+00 3.385706882617560254e+00 4.233117027114891018e-01 -9.265983235789467809e-01 -3.361130409692212773e+00 -6.528055816222575469e-01 9.833519586430796267e+00 2.833315808791510904e+00
8.200100198954148212e+00 4.868786033582910733e+00 -4.469496212848158123e+00 -8.417678906073524203e+00 5.443521878067122621e+00 -3.904394546535016275e+00 4.958922707761082904e+00 2.258302548874934201e-01 2.833315808791513124e+00 1.598491408290492188e+01
