7.948651508706401358e+00 8.345904374259466296e-02 4.809222416180486404e-01 -2.738359611031750962e-01 -4.252504302640829792e+00 -1.755864812626177551e+00 5.305431046095578917e-01 1.977382895513573047e-01 2.869116967457451817e-01 2.632818234229301169e+00
8.345904374259527359e-02 6.404230396389006152e+00 -2.796246996416848596e+00 5.120256409940792119e-01 7.271778200443999030e-01 1.066448847002853473e+00 5.172468393565615052e+00 9.400891207605854838e-01 8.745460274002750944e-01 4.428654395607367178e+00
4.809222416180471971e-01 -2.796246996416848596e+00 1.669186882743837330e+01 -5.649787977636600012e-03 -3.465873486198029152e+00 -1.399011550599923659e+00 2.749595903895754034e+00 8.491062128906780027e-01 2.258367826696048741e+00 -1.673718426726123365e+00
-2.738359611031760399e-01 5.120256409940786568e-01 -5.649787977637377168e-03 8.178765480656871034e+00 -3.199733720311341845e-01 7.090706866473693859e-01 3.188153501948965296e+00 3.702254668252404457e+00 7.019252253323091661e-01 6.786827748808564875e-01
-4.252504302640829792e+00 7.271778200443996809e-01 -3.465873486198031372e+00 -3.199733720311350171e-01 1.032874174593417393e+01 -2.648104436129287143e-01 6.531269797552257117e-01 1.837719539942315183e+00 2.842274743187324759e+00 1.183898633346072371e+00
-1.755864812626176441e+00 1.066448847002853917e+00 -1.399011550599924325e+00 7.090706866473696079e-01 -2.648104436129274930e-01 8.076902232030171547e+00 1.400828662098644539e+00 2.974919936417997235e+00 -1.871204139627453689e+00 3.758051097605061397e+00
5.305431046095581138e-01 5.172468393565614164e+00 2.749595903895752258e+00 3.188153501948967072e+00 6.531269797552274881e-01 1.400828662098643207e+00 1.540365728840173176e+01 6.100475656281604486e+00 -1.940741707459556320e+00 7.968865699460411456e+00
1.977382895513554173e-01 9.400891207605861499e-01 8.491062128906763373e-01 3.702254668252404901e+00 1.837719539942317182e+00 2.974919936417996347e+00 6.100475656281604486e+00 1.149063198276052233e+01 -1.191721570767213800e-01 1.223355794937261543e+00
2.869116967457444600e-01 8.745460274002748724e-01 2.258367826696047853e+00 7.019252253323087221e-01 2.842274743187326536e+00 -1.871204139627453689e+00 -1.940741707459557208e+00 -1.191721570767213800e-01 1.304571612989739648e+01 -1.235067405026362364e+00
2.632818234229303833e+00 4.428654395607367178e+00 -1.673718426726122921e+00 6.786827748808575977e-01 1.183898633346071705e+00 3.758051097605060065e+00 7.968865699460413232e+00 1.223355794937261543e+00 -1.235067405026362364e+00 1.214431725421214736e+01
