1.113716224448024761e+01 6.870862794499508652e+00 8.823606184825747434e-01 1.051584741054779393e+00 -7.634396053125337644e+00 -2.479313385007059445e+00 8.163784207023354611e+00 5.114782615130324395e-01 7.697136579859503058e+00 6.915044308870031742e+00
6.870862794499501547e+00 7.416394675684574622e+01 8.159342114280837777e+00 2.246166272255468144e+01 2.831119563581539822e+01 -9.444735960095631100e+00 3.165658103059522688e+01 3.206767533189422181e+01 1.641367076490379517e+01 2.111820540111855493e+01
8.823606184825716348e-01 8.159342114280834224e+00 2.271094676464554496e+01 2.220351355835283869e+00 9.271745303923946580e+00 -6.605415448566457570e+00 8.310129010574490493e+00 5.049025345938604303e+00 2.330246692496098504e-01 8.773812524418842074e+00
1.051584741054773620e+00 2.246166272255467788e+01 2.220351355835285645e+00 3.367938002874025472e+01 1.524352995961795543e+01 -4.245290110468491029e+00 2.190462019954301809e+01 4.631155293514890303e+00 9.462329657459090271e+00 6.873974436059908655e+00
-7.634396053125343862e+00 2.831119563581539111e+01 9.271745303923946580e+00 1.524352995961795187e+01 4.000435946491825945e+01 -7.771281573964119005e+00 1.569285699252380617e+01 1.666489140063472263e+01 4.720021621490440467e+00 1.100963963764798592e+01
-2.479313385007057668e+00 -9.444735960095636429e+00 -6.605415448566460235e+00 -4.245290110468492806e+00 -7.771281573964126110e+00 1.565347831318027261e+01 1.765841267699666539e-01 3.421452620990402593e+00 2.259006101045822223e+00 -1.468048700078892432e+00
8.163784207023347506e+00 3.165658103059522333e+01 8.310129010574494046e+00 2.190462019954302519e+01 1.569285699252381150e+01 1.765841267699679307e-01 4.581949774856717994e+01 1.487479141254650195e+01 1.704442410481716763e+01 1.645416466367602126e+01
5.114782615130311072e-01 3.206767533189421471e+01 5.049025345938606080e+00 4.631155293514891191e+00 1.666489140063472263e+01 3.421452620990403926e+00 1.487479141254650372e+01 3.259668410801808136e+01 8.347242872173264772e+00 1.420196748923523877e+01
7.697136579859501282e+00 1.641367076490379873e+01 2.330246692496142913e-01 9.462329657459095600e+00 4.720021621490444019e+00 2.259006101045821779e+00 1.704442410481717474e+01 8.347242872173264772e+00 2.371936958762010761e+01 1.684265163630575302e+01
6.915044308870029965e+00 2.111820540111856204e+01 8.773812524418845626e+00 6.873974436059913096e+00 1.100963963764798947e+01 -1.468048700078892210e+00 1.645416466367602837e+01 1.420196748923524055e+01 1.684265163630575302e+01 2.178376307365352815e+01
