8.116546593196369841e+00 1.386830745194270520e+00 7.815639031616263832e-01 -1.361814237556037810e+00 -5.357094674814189439e+00 -1.883358530166044709e+00 2.627926209960701476e-01 2.416929100938468578e-01 8.005429617547663579e-01 3.565893370046638644e+00
1.386830745194270964e+00 3.109846968405244994e+00 -1.960925987330788045e+00 -5.040367108037360211e-01 -1.280206445841280960e+00 -5.672931301084009892e-01 1.227959481908888373e+00 1.422001892053316174e+00 -6.961527160655391899e-01 1.135210913416528022e+00
7.815639031616259391e-01 -1.960925987330788267e+00 1.143841316774124195e+01 1.561187962448839506e-01 -9.213984614781119131e-02 -7.701289471017801480e-01 -8.198506514909806309e-02 -1.695301102481819422e+00 2.675265884072308142e-01 1.171002018194213928e-01
-1.361814237556037810e+00 -5.040367108037362431e-01 1.561187962448837840e-01 6.281260578194488353e+00 -6.241026125109886413e-01 5.392487687794375040e-01 1.679862228543738123e+00 1.118666046549984028e+00 4.333865073516972588e-01 -1.243882597974626858e+00
-5.357094674814189439e+00 -1.280206445841279850e+00 -9.213984614781195459e-02 -6.241026125109896405e-01 1.016080898896100138e+01 -1.791232818352244127e-01 3.385399279912650883e-01 1.279549095823637739e+00 2.101510696417376867e-01 -4.153268890179340755e-01
-1.883358530166044487e+00 -5.672931301084009892e-01 -7.701289471017802590e-01 5.392487687794378370e-01 -1.791232818352248568e-01 5.504640597887259901e+00 3.743185005561308065e-01 2.202765703893784455e+00 1.041575762151580875e+00 5.346973542830788517e-01
2.627926209960707027e-01 1.227959481908888595e+00 -8.198506514909800758e-02 1.679862228543738123e+00 3.385399279912642001e-01 3.743185005561306955e-01 5.663360558963383085e+00 2.217407488306891494e+00 -8.724539004393054853e-01 1.140176171256038984e+00
2.416929100938484121e-01 1.422001892053316396e+00 -1.695301102481819866e+00 1.118666046549984028e+00 1.279549095823635296e+00 2.202765703893784455e+00 2.217407488306891938e+00 6.354191710981332619e+00 -2.958872069702475627e-01 1.312263963774719100e+00
8.005429617547656918e-01 -6.961527160655393009e-01 2.675265884072306477e-01 4.333865073516974808e-01 2.101510696417386859e-01 1.041575762151580875e+00 -8.724539004393053743e-01 -2.958872069702471186e-01 3.772906674210175559e+00 8.966816081809679817e-01
3.565893370046638644e+00 1.135210913416528022e+00 1.171002018194214900e-01 -1.243882597974626636e+00 -4.153268890179357964e-01 5.346973542830787407e-01 1.140176171256038984e+00 1.312263963774718434e+00 8.966816081809679817e-01 5.892044012485869509e+00
