1.870233477426177160e+01 3.162776342940865515e+00 4.598528652485878609e+00 1.112910676362218965e+00 -8.446661090125617832e+00 -7.328935795616345672e+00 -8.794531623786244978e+00 5.036652225262343130e+00 4.296810617356354278e+00 8.518201307033411496e+00
3.162776342940869068e+00 1.464257528246534434e+01 -2.204292214947411566e+00 2.969282400286750168e+00 -9.437244075788095543e+00 1.389232627046694901e+01 -5.131208599097453416e+00 3.765457441225289692e+00 -6.778359493458836482e+00 8.836404523546544709e+00
4.598528652485883939e+00 -2.204292214947407569e+00 3.303214308388152887e+01 -3.066821724441322949e+00 5.742590019397113110e+00 -2.709511763847846755e+00 -7.155875147884900755e+00 -4.643741645205999191e+00 5.123863468138010191e+00 7.785412323050374894e+00
1.112910676362217632e+00 2.969282400286748391e+00 -3.066821724441324726e+00 7.815838522994507542e+00 -3.842816487533967429e+00 3.055131251347025234e+00 -1.564399655767686248e+00 4.350705293542902474e+00 -2.460016012441621047e+00 2.708542177346737745e+00
-8.446661090125616056e+00 -9.437244075788093767e+00 5.742590019397121104e+00 -3.842816487533968761e+00 2.129857070421375909e+01 -6.944894976182419910e+00 1.681731818821712743e+00 5.345194889079816214e-01 -2.011869885755769083e+00 -1.942770919905003391e+00
-7.328935795616343007e+00 1.389232627046695079e+01 -2.709511763847851640e+00 3.055131251347027010e+00 -6.944894976182420798e+00 2.841050921718086641e+01 -2.699185049133753012e+00 3.663677855375861991e+00 -9.422367445350680271e+00 6.719411520832792029e+00
-8.794531623786248531e+00 -5.131208599097451639e+00 -7.155875147884898091e+00 -1.564399655767688024e+00 1.681731818821717184e+00 -2.699185049133751235e+00 1.863716173071195925e+01 -2.198162177958510544e+00 -1.773761484155179646e+00 -9.604188083320940095e+00
5.036652225262340465e+00 3.765457441225281698e+00 -4.643741645205998303e+00 4.350705293542900698e+00 5.345194889079908362e-01 3.663677855375854442e+00 -2.198162177958509211e+00 1.620177977961560600e+01 -7.944811987646883900e+00 4.587429989815307252e+00
4.296810617356351614e+00 -6.778359493458832041e+00 5.123863468138009303e+00 -2.460016012441620159e+00 -2.011869885755775744e+00 -9.422367445350674942e+00 -1.773761484155178758e+00 -7.944811987646884788e+00 1.778377158152986581e+01 -2.670008155045733744e+00
8.518201307033416825e+00 8.836404523546544709e+00 7.785412323050372230e+00 2.708542177346740409e+00 -1.942770919905008942e+00 6.719411520832789364e+00 -9.604188083320941871e+00 4.587429989815311693e+00 -2.670008155045732856e+00 1.594915697132125310e+01
