1.106499091861784478e+01 2.079873242684473933e+00 1.500922952633888308e+00 -6.374885515341052411e+00 -8.135097069383030899e+00 -1.633628253026772503e+00 -2.295654681351038562e+00 8.400560463505498676e-01 1.935102114785453020e+00 5.536896363958368816e+00
2.079873242684472601e+00 5.905585687821870877e+00 -1.369355851061679008e+00 -2.339230527357690548e+00 -3.028804435534758532e+00 2.920164454198259651e-01 -5.280367440320871131e-02 1.950487103616308282e+00 1.405488133914966631e-01 1.582931871249407374e+00
1.500922952633890750e+00 -1.369355851061677676e+00 1.445685972102827677e+01 1.998257003652191832e-01 2.262091687767806558e+00 -4.978400369991644148e+00 6.282432655499100571e-01 -4.227792274274493778e+00 1.311900567889369151e+00 1.187950446328478599e-01
-6.374885515341056852e+00 -2.339230527357692324e+00 1.998257003652199604e-01 1.160257294470478762e+01 1.183890264789139612e+00 1.984784499241280198e+00 1.266482633169375260e+00 -6.026682776565891464e-01 9.210092791210857666e-01 -4.250942572658530594e+00
-8.135097069383020241e+00 -3.028804435534756756e+00 2.262091687767811443e+00 1.183890264789129620e+00 1.970744438929004971e+01 -6.591572248653138288e+00 7.160924750158178753e+00 5.003865436009207190e-01 -1.533535249731496464e+00 -1.151248242722274329e+00
-1.633628253026779609e+00 2.920164454198234116e-01 -4.978400369991645036e+00 1.984784499241283307e+00 -6.591572248653129407e+00 9.486233362996529195e+00 -2.317406378684039758e+00 2.766487603479018897e+00 -1.632777446263359966e+00 -5.270110868713882013e-01
-2.295654681351032789e+00 -5.280367440320787864e-02 6.282432655499122776e-01 1.266482633169371264e+00 7.160924750158178753e+00 -2.317406378684043311e+00 6.978952805337048204e+00 1.984814997235979872e+00 -1.369150720544993316e+00 3.460390696570013191e-01
8.400560463505508668e-01 1.950487103616308726e+00 -4.227792274274492890e+00 -6.026682776565903676e-01 5.003865436009224954e-01 2.766487603479018009e+00 1.984814997235980094e+00 6.338679579227571637e+00 -2.399140138657105403e+00 3.464380855267934489e+00
1.935102114785453686e+00 1.405488133914973847e-01 1.311900567889369151e+00 9.210092791210863217e-01 -1.533535249731498018e+00 -1.632777446263359522e+00 -1.369150720544993538e+00 -2.399140138657104959e+00 8.985274463775340337e+00 -2.269469871666539351e+00
5.536896363958371481e+00 1.582931871249408262e+00 1.187950446328471799e-01 -4.250942572658529706e+00 -1.151248242722280990e+00 -5.270110868713855368e-01 3.460390696569981550e-01 3.464380855267933157e+00 -2.269469871666540239e+00 9.256119227304118624e+00
