2.026192554873884788e+01 6.155323139016037892e+00 -5.461280115767910281e+00 -1.863397505532447873e+00 -1.015694849688518353e+01 -6.539367371878982205e+00 5.033441810252065274e+00 -2.735743372670177198e+00 -5.941510072067808235e-01 1.743070268995197836e+01
6.155323139016032563e+00 2.656196847187969823e+01 -2.441634884762453161e+00 4.421701239701100405e+00 -1.104766407767390746e+01 2.240956368745426808e+00 1.401154153511854972e+01 -1.097655831889206901e+00 1.652438275722605487e+00 6.924686810982931817e+00
-5.461280115767910281e+00 -2.441634884762455826e+00 1.187812161177470038e+01 2.668607678382771464e+00 1.275286839993947208e+00 5.392749722909575105e+00 -2.143743450139572460e+00 -2.447764415444281472e+00 3.819441895914397644e+00 -4.743371508934783876e+00
-1.863397505532448317e+00 4.421701239701099517e+00 2.668607678382772352e+00 1.008103043870747229e+01 -2.594207900559594382e+00 3.934914051028783000e+00 4.401301345435990164e+00 -5.809121842203777142e-01 4.537620997330293893e-01 8.547300838415657909e-01
-1.015694849688518175e+01 -1.104766407767390746e+01 1.275286839993945875e+00 -2.594207900559594826e+00 1.266487634731998924e+01 1.442812174026071093e+00 -6.805310174138250900e+00 2.529757475231304120e+00 1.127819094967985158e+00 -6.723470952003435031e+00
-6.539367371878983093e+00 2.240956368745424143e+00 5.392749722909575105e+00 3.934914051028783444e+00 1.442812174026073091e+00 1.496075252993939486e+01 7.235608759297973869e+00 2.821281882221073012e+00 6.627870343846312018e+00 -1.388636884570232821e+00
5.033441810252060833e+00 1.401154153511854794e+01 -2.143743450139570683e+00 4.401301345435991053e+00 -6.805310174138249124e+00 7.235608759297976533e+00 2.309955578510453478e+01 2.026356513012356864e+00 2.900268619562983652e+00 4.653847957930710599e+00
-2.735743372670182083e+00 -1.097655831889211342e+00 -2.447764415444280139e+00 -5.809121842203776032e-01 2.529757475231307673e+00 2.821281882221074344e+00 2.026356513012353755e+00 1.019626405485772125e+01 -3.164680108509740353e-01 -4.335322447028548964e+00
-5.941510072067830439e-01 1.652438275722603711e+00 3.819441895914398977e+00 4.537620997330299999e-01 1.127819094967987601e+00 6.627870343846314682e+00 2.900268619562983652e+00 -3.164680108509727030e-01 1.376292384009093261e+01 3.438164149394760671e-01
1.743070268995198546e+01 6.924686810982941587e+00 -4.743371508934783876e+00 8.547300838415682334e-01 -6.723470952003442136e+00 -1.388636884570229935e+00 4.653847957930718593e+00 -4.335322447028544524e+00 3.438164149394785096e-01 2.554486532838387092e+01
