1.444185154555163564e+01 -1.143331025426771008e+00 -5.282408972561358773e-01 -4.606955853707056292e+00 -1.056254964595679979e+01 1.510625055343091550e+00 2.251581439413651298e-01 2.368524269486660838e+00 7.583774462696530883e-01 6.447793047560548274e+00
-1.143331025426770564e+00 6.351452223725679858e+00 -3.581562523510559704e+00 2.113325339129380254e+00 -4.421620697955320978e+00 -1.852633495496552651e+00 2.052775070068601604e+00 1.778466298440999349e+00 6.044353085592065744e-01 -6.222564476242297138e-01
-5.282408972561372096e-01 -3.581562523510560148e+00 2.233803979582647159e+01 -5.999986808829688378e+00 9.417594072800325122e+00 6.304349677086504844e-01 1.103388943306883974e+00 4.326391006554470842e-01 -4.249469905348329135e+00 2.826863827145250085e-01
-4.606955853707056292e+00 2.113325339129381142e+00 -5.999986808829691931e+00 1.704329408230185550e+01 -2.205079892764097993e-01 -6.962199400197929045e+00 2.828646205039008876e+00 6.734709100565809958e-01 1.279473965103738564e+00 -1.067416421177900698e+00
-1.056254964595679802e+01 -4.421620697955320090e+00 9.417594072800323346e+00 -2.205079892764074678e-01 2.090326126675345009e+01 -8.898637316372581818e-01 -3.454908396794094672e-01 2.293829180289375103e-01 -1.861405660273546925e+00 -2.731004532411900332e+00
1.510625055343092882e+00 -1.852633495496552651e+00 6.304349677086517056e-01 -6.962199400197929933e+00 -8.898637316372581818e-01 7.836997358848585726e+00 -8.610604337446100542e-01 7.264229204672802975e-01 -1.698607993750161471e+00 2.477102586058412270e-01
2.251581439413663510e-01 2.052775070068602048e+00 1.103388943306883752e+00 2.828646205039007988e+00 -3.454908396794114100e-01 -8.610604337446094991e-01 4.726920583415982868e+00 3.383452935756160240e+00 -1.453142348531110573e+00 5.487366626412040205e-01
2.368524269486662170e+00 1.778466298440999349e+00 4.326391006554472507e-01 6.734709100565798856e-01 2.293829180289357339e-01 7.264229204672809637e-01 3.383452935756160240e+00 6.040363349336668186e+00 -4.757443077673007559e-01 1.896265279605739318e+00
7.583774462696534213e-01 6.044353085592061303e-01 -4.249469905348329135e+00 1.279473965103738342e+00 -1.861405660273546481e+00 -1.698607993750161693e+00 -1.453142348531110795e+00 -4.757443077673003118e-01 7.388919286724709323e+00 -2.925472982955821810e-01
6.447793047560548274e+00 -6.222564476242298248e-01 2.826863827145262853e-01 -1.067416421177901142e+00 -2.731004532411900776e+00 2.477102586058408384e-01 5.487366626412039095e-01 1.896265279605738430e+00 -2.925472982955824586e-01 5.696338327190803241e+00
