3.253818464111689224e+01 2.753854208641695944e+00 6.355176520277043828e+00 -4.880736260955127470e+00 -2.434908301830178345e+01 -5.700658487331838664e+00 6.895498016675694508e+00 2.257007821832079486e+00 -4.733990182945823078e-01 1.331179738115819511e+01
2.753854208641700829e+00 1.693563698979892607e+01 7.647362585754429176e-01 4.671804918310734855e+00 4.036544340245102447e+00 -7.021986272573782273e+00 6.672129519725597646e+00 -7.782592729171247115e+00 8.367757402970649183e-01 7.604709449218624684e+00
6.355176520277034058e+00 7.647362585754438058e-01 4.226735140282181646e+01 -6.270004974769213035e+00 -6.297385405257963420e+00 1.569816953350844591e+00 9.200636623657036495e+00 1.474835434801115008e-01 -5.533741874981128461e+00 4.599649290654054035e+00
-4.880736260955124806e+00 4.671804918310737520e+00 -6.270004974769219253e+00 2.834814905162889787e+01 1.004159129679406348e+01 -9.035061195263210720e+00 4.071309110171371870e+00 -1.439356034035827747e+01 3.079695206209479785e+00 3.749844293166998632e+00
-2.434908301830177280e+01 4.036544340245103335e+00 -6.297385405257971414e+00 1.004159129679406348e+01 3.142876360849061257e+01 -2.486852826180218745e+00 1.340056089245071913e+00 -4.837425375884437884e+00 1.846297147695273644e+00 -5.320487186465125973e+00
-5.700658487331843105e+00 -7.021986272573781385e+00 1.569816953350845923e+00 -9.035061195263208944e+00 -2.486852826180216969e+00 1.455711929318529485e+01 -1.378803182329446653e+00 8.822389576356966856e+00 3.346271526924022299e-01 -3.478320759896322389e+00
6.895498016675688291e+00 6.672129519725595870e+00 9.200636623657034718e+00 4.071309110171370094e+00 1.340056089245074133e+00 -1.378803182329442212e+00 1.747007341689027982e+01 -1.322655666696728183e+00 -2.157567781721773326e+00 6.844800045407954947e+00
2.257007821832074601e+00 -7.782592729171248003e+00 1.474835434801147482e-01 -1.439356034035827925e+01 -4.837425375884437884e+00 8.822389576356970409e+00 -1.322655666696730625e+00 1.689554795779801566e+01 -1.259597386081703352e+00 -4.206021957927457144e+00
-4.733990182945787550e-01 8.367757402970633640e-01 -5.533741874981127573e+00 3.079695206209476677e+00 1.846297147695268315e+00 3.346271526924033402e-01 -2.157567781721774214e+00 -1.259597386081701131e+00 1.115651524328814759e+01 5.671869693601562235e-01
1.331179738115819333e+01 7.604709449218623796e+00 4.599649290654055811e+00 3.749844293166997744e+00 -5.320487186465125085e+00 -3.478320759896320169e+00 6.844800045407958500e+00 -4.206021957927454480e+00 5.671869693601562235e-01 1.355082202680471681e+01
